[ 1.07729124  1.07729124  1.07729124  1.07729124  1.07729124  1.07729124
  1.07729124  1.07729124  1.07729124  1.07729124  1.07729124  1.07729124
  1.07729124  1.07729124  1.07729124  1.07729124  1.07729124  1.07729124
  1.07729124  1.07729124  1.07729124  1.07729124  1.07729124  1.07729124
  1.07729124  1.07729124  1.07729124  1.07729124  1.07729124  1.07729124
  1.07729124  1.07729124  1.07729124  1.07729124  1.07729124]
[ 1.61997298  1.62459623  1.59442547  1.5594484   1.52230623  1.48716839
  1.45845962  1.43916572  1.43001793  1.43001869  1.43743629  1.45030938
  1.46651907  1.4838411   1.5000288   1.51272839  1.51936159  1.51734912
  1.50476112  1.4810734   1.44748638  1.40654015  1.36134174  1.31492027
  1.26990258  1.22838088  1.19183477  1.16108782  1.13634852  1.11733921
  1.10343029  1.09374959  1.08732161  1.08322831  1.08071655]
[ 1.20662543  1.83583922  1.87105047  1.82377643  1.78835148  1.72350713
  1.64617265  1.59455705  1.53143196  1.44877594  1.40723036  1.38428791
  1.36588307  1.36643154  1.3836291   1.40736207  1.42928933  1.44403656
  1.44821961  1.44017821  1.42011567  1.38979129  1.35188916  1.30950775
  1.26581934  1.22387903  1.1862734   1.1544822   1.12900532  1.11000178
  1.09697642  1.08859784  1.08345059  1.08043954  1.0787935 ]
[ 1.13952359  2.11399196  2.50177859  2.342213    2.21988691  1.9782018
  1.92152094  1.93093144  1.62169587  1.38995922  1.5234335   1.50834577
  1.43364884  1.38391151  1.35476333  1.35093069  1.3684594   1.38909437
  1.40199177  1.4030685   1.39167775  1.36906898  1.33737973  1.29963004
  1.25900424  1.21871719  1.18198954  1.15085055  1.12524549  1.10569299
  1.09300918  1.08557902  1.08129051  1.07889365  1.07770944]
[ 1.05489505  1.5734338   2.80826522  3.12192773  1.87488786  1.66550287
  2.87757634  2.74845137  1.30109242  1.30186919  1.6740981   1.74734491
  1.90690159  1.75134127  1.63199133  1.48273426  1.37818753  1.36336648
  1.37799295  1.38517222  1.37769618  1.35876534  1.33103575  1.29641053
  1.25801858  1.21924115  1.18308124  1.15235394  1.12688223  1.10624229
  1.0922857   1.08481908  1.08070959  1.07861242  1.07749752]
[ 0.98440004  1.3076652   2.1206626   2.23498686  1.58077702  1.7283394
  3.26108814  3.44867646  1.13037512  1.29409043  1.3868937   1.50939746
  2.07398247  2.43618732  2.55207466  2.07541592  1.86669237  1.59565704
  1.47171277  1.41583346  1.38753702  1.36324751  1.33484629  1.30134694
  1.26443241  1.22562762  1.18885147  1.15778553  1.13256012  1.11117223
  1.09556412  1.08686852  1.08201617  1.07974528  1.07844247]
[ 0.92839437  1.17971807  1.70659049  1.77583881  1.40688637  1.79072968
  2.32850715  3.93757931  1.02670049  1.33275878  1.22821482  1.32735015
  1.58780881  3.09786783  3.9568513   1.68661282  3.1282119   2.39023067
  2.3194167   1.77824385  1.51297375  1.41252012  1.36029303  1.31941767
  1.27773447  1.23915202  1.19784376  1.16671643  1.14357341  1.11941397
  1.10143571  1.09237973  1.08566469  1.08216267  1.08073526]
[ 0.88461223  1.10851319  1.50647224  1.56382489  1.30323943  1.74444094
  1.88714461  4.07180891  0.9580262   1.34133627  1.14374641  1.23556235
  1.37341959  2.27731369  4.01212238  1.45409748  2.73421229  4.15308129
  3.92284319  3.2519312   2.17580805  1.67891151  1.45552241  1.36433827
  1.29560157  1.25573835  1.21096203  1.18176596  1.1557082   1.12535033
  1.11180691  1.09915309  1.08873054  1.08620922  1.08349053]
[ 0.85166763  1.06421427  1.39240649  1.44254387  1.23643198  1.69325372
  1.67122442  3.27897147  0.926099    1.31846239  1.09651496  1.1795126
  1.26266612  1.8362999   2.64851581  1.34909581  2.05116356  5.58706098
  6.71832616  6.13027919  2.7183442   2.74112139  2.10062571  1.48381595
  1.33940531  1.28948226  1.23543847  1.19717953  1.16789394  1.13400869
  1.12513134  1.10511382  1.09041804  1.09341844  1.08510724]
[ 0.82623126  1.03404142  1.3253573   1.36338996  1.19168307  1.66275668
  1.55159847  2.60251586  0.91741051  1.30970992  1.05910366  1.13592754
  1.19463225  1.65562208  2.19598345  1.27256541  1.76784828  3.99950913
  9.55342014  9.18801583  2.92223351  3.59934868  4.40186682  2.0397135
  1.4654119   1.35024492  1.26546085  1.209617    1.18981681  1.14520022
  1.12723286  1.12159992  1.08652693  1.10370802  1.08712852]
[  0.80946392   1.01259626   1.28069019   1.30511769   1.15895215
   1.65248801   1.47318665   2.29314037   0.90841548   1.31658875
   1.02248608   1.09490089   1.14812124   1.5569335    2.01626754
   1.21569478   1.62732953   3.44486551  11.48856143  11.24641616
   3.19727655   4.71875079   7.24396715   3.06660075   1.80064875
   1.45103141   1.30419214   1.21722886   1.21234411   1.15738495
   1.12212692   1.13838605   1.08200241   1.11698359   1.08638501]
[  0.79810409   0.99721756   1.24926559   1.25940296   1.13434396
   1.6519848    1.41294567   2.13942352   0.89794344   1.33333273
   0.98940001   1.05655609   1.11611647   1.49045061   1.91759955
   1.17311585   1.54613003   3.29522926  12.77908977  12.58418234
   3.47310986   6.43489242   9.47150459   4.14274718   2.33954185
   1.63126656   1.36932506   1.22609605   1.2160571    1.17512305
   1.12489486   1.14100392   1.0847458    1.13110806   1.08454502]
[  0.78937336   0.98534103   1.22618245   1.22317896   1.11552107
   1.65944191   1.36566522   2.04115187   0.88922469   1.35605383
   0.9608502    1.02215321   1.09294977   1.44671876   1.85498147
   1.14077313   1.49294076   3.2444254   13.67740996  13.50927595
   3.79827486   8.46929994  10.90447728   5.46981895   2.99191188
   1.88137305   1.47829027   1.23951309   1.20935387   1.1911676
   1.13281558   1.13661349   1.09501116   1.13777983   1.08769543]
[  0.78172772   0.97502892   1.20780972   1.19395725   1.10078908
   1.67258958   1.32814132   1.96800795   0.88269829   1.38272742
   0.93630475   0.99253667   1.07403695   1.42134026   1.81542138
   1.11557532   1.45482741   3.21908406  14.31005522  14.1617131
   4.23764631   9.93856643  11.88132479   7.32981456   3.73366658
   2.14247896   1.6393964    1.26553605   1.20131445   1.2013873
   1.13944432   1.13577337   1.10598154   1.13851836   1.09762779]
[  0.77470734   0.96576333   1.19199991   1.16969944   1.08906203
   1.68944036   1.29745069   1.90905744   0.87802667   1.41205612
   0.91486954   0.96742797   1.0570503    1.40628226   1.79187078
   1.0957525    1.42657776   3.20361833  14.754603    14.62222548
   4.86613162  10.94343813  12.57770355   8.87632598   4.65750943
   2.37076668   1.84980915   1.30739547   1.19565846   1.20818294
   1.14231724   1.13960844   1.11468365   1.13734021   1.11298738]
[  0.76826418   0.95752852   1.1777959    1.14907547   1.07928211
   1.70857185   1.27162319   1.86093925   0.87478083   1.44349416
   0.89586875   0.94602867   1.04149698   1.39484502   1.77807497
   1.07974648   1.40477979   3.19839452  15.06583209  14.94685825
   5.795608    11.6704389   13.08802116   9.94995774   5.90428756
   2.54476442   2.10544441   1.36402858   1.19470753   1.21300766
   1.14233709   1.14565119   1.12147659   1.13611652   1.13208862]
[  0.76236634   0.95026172   1.16478776   1.13121446   1.07073658
   1.72916356   1.24964906   1.82180735   0.87252857   1.47702066
   0.87879809   0.9277879    1.02777399   1.38355683   1.76903474
   1.06635431   1.38800581   3.20462269  15.28023143  15.17278908
   7.08577329  12.22212159  13.47211135  10.73963794   7.34665949
   2.6821171    2.40845057   1.43406202   1.19921557   1.21770583
   1.14098318   1.15145283   1.12741511   1.13568868   1.15361329]
[  0.7569936    0.94386147   1.15274645   1.11560928   1.06313045
   1.75065114   1.23084246   1.79045811   0.87091765   1.51272681
   0.86322219   0.91218456   1.0161796    1.37200356   1.76234135
   1.0549433    1.37462136   3.22389199  15.42138419  15.32402086
   8.37349792  12.65856671  13.77113487  11.35800724   8.56086842
   2.81232263   2.77634738   1.51525882   1.20778725   1.22359257
   1.13944758   1.15552702   1.13279334   1.13667784   1.17627821]
[  0.75212964   0.93820659   1.14164016   1.10202041   1.05632619
   1.77256094   1.21459099   1.76508989   0.86979336   1.55117109
   0.84901013   0.89850972   1.00603516   1.36138249   1.75669512
   1.04527263   1.36351194   3.25172536  15.50656911  15.4181164
   9.34534809  13.00618543  14.00301371  11.85238305   9.47840886
   2.93441153   3.23928684   1.60607842   1.21932789   1.23056424
   1.13811824   1.15770595   1.13755907   1.13928436   1.1988506 ]
[  0.74778377   0.93316587   1.13158719   1.09019335   1.05015906
   1.79481165   1.20048585   1.74374128   0.86912604   1.59251608
   0.83615748   0.8861963    0.99666314   1.35237009   1.75098031
   1.03711603   1.35433853   3.28364292  15.54825674  15.46774607
  10.08797698  13.27985603  14.17758413  12.24818191  10.18742524
   3.04934133   3.84693377   1.70500931   1.233165     1.2385536
   1.1369826    1.15817843   1.14185204   1.14333773   1.22047101]
[  0.74394646   0.928655     1.12272623   1.07978273   1.04455473
   1.81740869   1.18821874   1.7251076    0.86877115   1.63690244
   0.82455294   0.87486762   0.98770386   1.34523183   1.74456679
   1.03015684   1.34706837   3.31641454  15.5562851   15.48289813
  10.67348265  13.49365196  14.30533868  12.5659225   10.7511402
   3.16179651   4.71439999   1.8111033    1.248648     1.24751025
   1.13608068   1.15713581   1.14604515   1.14858807   1.2400172 ]
[  0.74063561   0.92469508   1.11498411   1.07051669   1.03953227
   1.8401906    1.17739952   1.70824624   0.86863601   1.68486025
   0.81416188   0.86434556   0.97888809   1.34042301   1.73722888
   1.02394339   1.34188816   3.34744406  15.53746393  15.47049597
  11.14408437  13.65819104  14.39439985  12.82034737  11.20663901
   3.27742101   5.93658813   1.92506482   1.26647806   1.25779944
   1.13528409   1.15470123   1.15060932   1.15491019   1.25629384]
[  0.73786336   0.92126707   1.10821656   1.06219082   1.03508088
   1.86324737   1.16779124   1.69260473   0.86871364   1.73713511
   0.80486128   0.85459528   0.96999303   1.33812994   1.72915703
   1.01814052   1.33884789   3.37522863  15.49660259  15.43543913
  11.52575666  13.78142238  14.45090473  13.02221779  11.57731846
   3.40342553   7.17763507   2.0499557    1.28741921   1.26968651
   1.1345524    1.15140579   1.15553856   1.16221284   1.26919369]
[  0.73549194   0.91821231   1.10227414   1.05468597   1.0309998
   1.88686988   1.15916003   1.67793012   0.86920427   1.79459819
   0.79639906   0.84556214   0.96101748   1.33749427   1.72089241
   1.01267938   1.33695773   3.40356733  15.43951766  15.38362283
  11.83875352  13.87195377  14.48198601  13.18226573  11.88200269
   3.54870429   8.13190032   2.18557567   1.30971896   1.2824214
   1.13429323   1.14798824   1.16046487   1.17000694   1.279546  ]
[  0.73341316   0.91541757   1.09694377   1.04793033   1.0271781
   1.91145211   1.15125865   1.66398633   0.87013498   1.85823574
   0.78860333   0.8371671    0.95207564   1.33741157   1.71274159
   1.00751093   1.3354151    3.43534208  15.37177172  15.3206748
  12.09877841  13.93765796  14.49435825  13.30994906  12.13554456
   3.72179724   8.85991176   2.3339795    1.33179199   1.29549287
   1.1346566    1.14475567   1.16535422   1.1779433    1.28766699]
[  0.73159839   0.91282968   1.09207471   1.04183671   1.02353393
   1.93717954   1.14396886   1.65057324   0.8715206    1.92878479
   0.78136307   0.82935256   0.94322844   1.33734879   1.70470104
   1.00255433   1.33379786   3.47126669  15.29725102  15.25053336
  12.31684159  13.9842136   14.49283333  13.41210329  12.34843527
   3.92902502   9.44030455   2.50042468   1.35298288   1.30871349
   1.1355865    1.14188166   1.17026969   1.18583676   1.29370596]
[  0.7300116    0.91041367   1.08756714   1.03631048   1.01998937
   1.96419488   1.13721619   1.63754544   0.87340269   2.00690891
   0.77460185   0.8220747    0.93452418   1.33707354   1.696725
   0.99771834   1.33184666   3.51212724  15.21855372  15.17583964
  12.50078565  14.01564786  14.48076776  13.49363355  12.52818297
   4.1766814    9.91805667   2.69127632   1.37309889   1.3220283
   1.13706148   1.13949525   1.17521881   1.19361164   1.29785905]
[  0.72860119   0.90813808   1.08335243   1.03127088   1.01647513
   1.99269587   1.13092502   1.62480353   0.87581694   2.09334813
   0.7682727    0.81529653   0.92601628   1.33647416   1.68874016
   0.99292789   1.32937634   3.55917305  15.1373914   15.09834161
  12.65635115  14.03484675  14.46051032  13.55811762  12.6803024
   4.47584656  10.31899992   2.91515325   1.392076     1.33539499
   1.13908164   1.13765526   1.1801694    1.2012482    1.30037533]
[  0.72732227   0.90596928   1.07937581   1.02664767   1.01294384
   2.02293628   1.12501814   1.61228486   0.87878992   2.18922132
   0.76232785   0.80897435   0.91775692   1.33551208   1.68064938
   0.98811678   1.32625439   3.61386631  15.05497506  15.01928192
  12.78797214  14.04401792  14.43382238  13.60832822  12.80906742
   4.84866988  10.65929985   3.18569608   1.40984367   1.34874468
   1.14164192   1.1363545    1.18507056   1.20873191   1.30153508]
[  0.72614635   0.90387392   1.07558858   1.02237556   1.00937309
   2.0551868    1.11943472   1.59993669   0.88234274   2.29625987
   0.75670407   0.80305461   0.90978923   1.33420742   1.67234444
   0.98321464   1.32241944   3.67761548  14.97220656  14.93959026
  12.89920326  14.04492582  14.40208889  13.6465028   12.91791456
   5.32688451  10.95057191   3.52811238   1.42646365   1.3619885
   1.14475129   1.13554678   1.18983385   1.21603292   1.30164373]
[  0.72505044   0.90182349   1.07194471   1.018401     1.00576119
   2.08976057   1.11412628   1.58771759   0.88645558   2.416855
   0.75133042   0.7974998    0.90213808   1.33260189   1.66373462
   0.97815127   1.31791156   3.75229984  14.88959166  14.85979716
  12.99275458  14.03882291  14.36623927  13.67429278  13.00946677
   5.93455204  11.20278664   3.98455413   1.44234457   1.37527398
   1.14859616   1.13511748   1.19431042   1.22312686   1.3010223 ]
[  0.72401262   0.89981128   1.0683979    1.01467575   1.00211567
   2.1270302    1.10905696   1.57559375   0.8910597    2.55414704
   0.74612637   0.79227275   0.89481143   1.33075387   1.65486421
   0.97290822   1.31290445   3.84115281  14.80693015  14.77972482
  13.07023951  14.02614419  14.3264396   13.6924671   13.08527804
   6.66724022  11.42404097   4.61326957   1.45813631   1.38911059
   1.15360984   1.13483304   1.19839496   1.23004491   1.29990247]
[  0.72301336   0.89784842   1.06490346   1.01115831   0.99843722
   2.1675307    1.10418698   1.56357288   0.89608093   2.71188786
   0.74102482   0.78732656   0.88783356   1.32865933   1.64587916
   0.96757694   1.30774417   3.94911656  14.72330308  14.69847516
  13.13225947  14.00651953  14.28209301  13.7009409   13.14591152
   7.43444768  11.62020332   5.46857568   1.47460299   1.40438681
   1.1602552    1.13449704   1.20208633   1.23692683   1.29836297]
[  0.72205334   0.89594324   1.06145199   1.00781929   0.99476719
   2.2117358    1.09944589   1.55165217   0.90147034   2.89331914
   0.73602846   0.78258636   0.88131669   1.32626324   1.63678805
   0.9623414    1.30278909   4.08214341  14.63771373  14.61507123
  13.17918718  13.97946119  14.23250385  13.69948592  13.19170991
   8.13708296  11.79264583   6.48018405   1.49228503   1.42178958
   1.16872437   1.13412838   1.20551875   1.24391592   1.29646405]
[  0.72115372   0.8941075    1.05808174   1.00464115   0.99117069
   2.25991006   1.09478569   1.53975358   0.90719654   3.10135804
   0.73119453   0.77803561   0.87537162   1.32350795   1.62741479
   0.9573072    1.29797887   4.24589804  14.55018892  14.52955756
  13.21236951  13.94549884  14.17799347  13.68887964  13.22398398
   8.75644435  11.94211958   7.41730539   1.51115156   1.44099858
   1.17874517   1.13381082   1.2088901    1.25109178   1.29426769]
[  0.72030992   0.89234836   1.0547981    1.00160421   0.98766876
   2.31283869   1.09019374   1.52780234   0.9132285    3.34064849
   0.72655229   0.7737318    0.86997803   1.32038967   1.61779205
   0.95242331   1.29310203   4.4448678   14.46192302  14.44314332
  13.2342554   13.90631263  14.12003628  13.67103376  13.2451378
   9.27205793  12.07143334   8.16424539   1.53009566   1.46125036
   1.18996693   1.13361873   1.21233394   1.25840619   1.2918911 ]
[  0.7195089    0.89065883   1.05156479   0.99869374   0.9842222
   2.37165916   1.08566867   1.51578598   0.91957433   3.62077252
   0.72210212   0.76965432   0.86501873   1.3169749    1.60804281
   0.94766969   1.28811457   4.68333603  14.37441854  14.35734328
  13.24746808  13.86384455  14.06038657  13.64809543  13.25775068
   9.70322172  12.18317424   8.76360018   1.54840717   1.48195672
   1.20219868   1.1336044    1.21586922   1.26579285   1.28947382]
[  0.71875475   0.88903063   1.04836544   0.99590574   0.98079292
   2.43759684   1.08120341   1.50370595   0.9262701    3.95866044
   0.71782929   0.76578995   0.86039806   1.31328281   1.59823015
   0.94307795   1.28298934   4.97093984  14.28857652  14.27306972
  13.25383854  13.81936675  14.0001612   13.6215094   13.26362355
  10.06890328  12.2796329    9.25739739   1.56602902   1.50281946
   1.21531895   1.13374365   1.21949353   1.27318548   1.28712145]
[  0.71804934   0.88745415   1.04518623   0.99325425   0.9773708
   2.51211791   1.0767853    1.4915807    0.93333583   4.38171778
   0.71371867   0.76214464   0.85605172   1.30933406   1.5883757
   0.93869851   1.27771064   5.32597697  14.20476344  14.1906997
  13.25452055  13.77356501  13.93991523  13.59210972  13.26389051
  10.3824109   12.3626024    9.67255052   1.58306038   1.52372618
   1.22923592   1.13398877   1.2231987    1.28048409   1.28493859]
[  0.71739341   0.88591617   1.04200846   0.99075185   0.97396252
   2.59705585   1.07240101   1.47950633   0.94073542   4.92846918
   0.70985916   0.758775     0.85195263   1.30520406   1.57849967
   0.93462816   1.27230661   5.75534655  14.12400189  14.11126411
  13.2512934   13.72776832  13.88084814  13.56136461  13.26030354
  10.65441085  12.43457591  10.02774287   1.59998799   1.54475865
   1.24387453   1.13428087   1.2269888    1.28758157   1.28307119]
[  0.71677935   0.88440157   1.03880014   0.98840147   0.97058489
   2.69460475   1.0680157    1.46774604   0.9483455    5.62919174
   0.70654373   0.75580997   0.8481413    1.30100615   1.56874129
   0.93100445   1.26688036   6.24191783  14.04755564  14.03603362
  13.2461016   13.68351754  13.82438253  13.53093917  13.25478045
  10.89340086  12.49817621  10.33642039   1.61761239   1.56604612
   1.25916203   1.13454767   1.23088392   1.29441207   1.2816129 ]
[  0.71618855   0.88292118   1.03554772   0.98618997   0.96723434
   2.80719756   1.06356801   1.45661069   0.95600632   6.45848139
   0.70402004   0.7533536    0.84470285   1.29677303   1.55922303
   0.92783721   1.26145876   6.77631714  13.97573508  13.96532604
  13.23979936  13.64134987  13.77096384  13.50147369  13.24816406
  11.10498294  12.55482936  10.60736421   1.63641302   1.58760808
   1.27498369   1.13477431   1.23484994   1.30100391   1.28054795]
[  0.71562095   0.88150265   1.03236723   0.98404004   0.96389643
   2.93757613   1.05906396   1.44609834   0.96362689   7.2211892
   0.70227331   0.75144875   0.84165824   1.29251416   1.54999799
   0.92493587   1.25607123   7.39436395  13.90776495  13.89837529
  13.23204061  13.60067683  13.71993592  13.47246722  13.24011502
  11.29231993  12.60467071  10.84587755   1.65613618   1.60931247
   1.29135962   1.13497479   1.23881429   1.30738479   1.2798109 ]
[  0.71508259   0.88014701   1.02938163   0.98190688   0.96054246
   3.08893398   1.05456196   1.43607622   0.97120088   7.8328339
   0.70091102   0.74990073   0.83890641   1.28814632   1.54109867
   0.92219323   1.25072316   8.12182356  13.84298342  13.83452743
  13.22257655  13.56101471  13.67074813  13.44351828  13.23038553
  11.45808782  12.64790643  11.05619917   1.67635152   1.63109288
   1.30848943   1.13514169   1.24283311   1.31349991   1.27929239]
[  0.71456536   0.87885797   1.02661059   0.9798013    0.95717643
   3.26649892   1.05009397   1.42648942   0.97870883   8.32748772
   0.69971729   0.7485661    0.83640616   1.28367798   1.53256758
   0.91955644   1.24554065   8.72583992  13.78380404  13.77619727
  13.21433572  13.52498323  13.62592343  13.41733357  13.22186671
  11.60808819  12.68796987  11.24539761   1.69771538   1.65321392
   1.32652125   1.13536791   1.24697253   1.31932521   1.27894671]
[  0.71405562   0.87763958   1.02404536   0.97772372   0.95381334
   3.47836208   1.04569753   1.41719627   0.9863663    8.73558781
   0.69857593   0.74731467   0.83411509   1.27914081   1.52445217
   0.91699393   1.24070155   9.21293314  13.72748198  13.72065192
  13.20477566  13.48994289  13.58280126  13.39132866  13.21205392
  11.74122817  12.72259267  11.41311831   1.7198179    1.67571071
   1.34523656   1.1357557    1.25114297   1.32475718   1.27882394]
[  0.7135453    0.87647271   1.02163993   0.97568812   0.9504679
   3.7348958    1.04144894   1.4081395    0.99419558   9.07868769
   0.69747775   0.74612412   0.83199619   1.27456657   1.51683229
   0.91444464   1.23607643   9.62174357  13.67333603  13.66721654
  13.19356054  13.45536258  13.54079346  13.36504037  13.20061009
  11.85899647  12.75180918  11.56157807   1.74232499   1.69860111
   1.36472118   1.13629936   1.25530271   1.32975345   1.2788911 ]
[  0.71303736   0.87534333   1.01935568   0.97370092   0.94716139
   4.0471492    1.03745887   1.39935569   1.00220208   9.37160497
   0.69643144   0.74499966   0.83002133   1.26998728   1.5098004
   0.91188284   1.23152975   9.97091599  13.62112483  13.61565588
  13.18076732  13.42114095  13.49974626  13.3384306   13.18761294
  11.96301606  12.77603557  11.69297373   1.76518408   1.72193556
   1.3850725    1.13699242   1.25942497   1.33429847   1.27908789]
[  0.71253547   0.87424106   1.01716484   0.97176241   0.94392543
   4.43214688   1.033787     1.3908812    1.01042121   9.62453154
   0.69544267   0.74394807   0.82816103   1.26544014   1.50340853
   0.90931521   1.22698832  10.27231395  13.57060002  13.56572697
  13.16643645  13.38715665  13.45949025  13.31143491  13.17310234
  12.05464251  12.79561404  11.80911729   1.78847158   1.74574582
   1.40632059   1.13783668   1.26349574   1.33839366   1.27936113]
[  0.71204117   0.87316031   1.01504729   0.96986959   0.94078828
   4.92044171   1.03045215   1.38271787   1.01889575   9.84476326
   0.69451993   0.74297238   0.82639029   1.26096148   1.49768134
   0.90676325   1.22242301  10.53437567  13.5215331   13.51720625
  13.15060739  13.3532994   13.41987033  13.28399563  13.15711688
  12.13506508  12.81086009  11.91157328   1.81231034   1.77001256
   1.42845661   1.13882059   1.2675309    1.34205661   1.27966501]
[  0.71155223   0.8721009    1.01298883   0.96801972   0.93776375
   5.55745088   1.02751783   1.37484466   1.02769579  10.03780612
   0.69367539   0.74206932   0.82469385   1.25658688   1.49265993
   0.90424969   1.21784325  10.76348103  13.47374044  13.46991474
  13.13334912  13.31949738  13.38077225  13.25609043  13.13972447
  12.2053779   12.8220992   12.00175187   1.83684886   1.7946666
   1.45143116   1.13991115   1.2715642    1.34532218   1.27996931]
[  0.71106553   0.87107076   1.01098144   0.96621515   0.93487642
   6.31650006   1.02521295   1.3674821    1.03695046  10.20918219
   0.69294056   0.74123913   0.82307275   1.25236562   1.48838207
   0.90180614   1.21329182  10.96476742  13.4271298   13.42376466
  13.11481401  13.28576688  13.34217096  13.22778331  13.12107593
  12.26667385  12.82972804  12.08102014   1.86232377   1.81959152
   1.47503421   1.14106896   1.27557305   1.3482745    1.28024186]
[  0.71058317   0.87008798   1.00903204   0.96447028   0.93220569
   7.06197302   1.02351437   1.36079697   1.04667124  10.36425184
   0.69228896   0.74045355   0.82151867   1.24835425   1.4847459
   0.89945814   1.20885669  11.14311882  13.38211612  13.37917429
  13.09566891  13.25263229  13.30454627  13.19964539  13.10183068
  12.32053252  12.83465376  12.15120637   1.88904782   1.84461437
   1.4990987    1.14216418   1.27947627   1.35101518   1.28044242]
[  0.71008813   0.86916666   1.00718506   0.96281406   0.92980079
   7.69457952   1.02219689   1.35471288   1.0567584   10.50782383
   0.69167941   0.73968447   0.82001716   1.24461403   1.48167802
   0.89721481   1.20460219  11.30401893  13.34008272  13.33752803
  13.07756998  13.22159023  13.26934261  13.17321933  13.0836252
  12.36954201  12.83877425  12.21513363   1.91720511   1.86952813
   1.52342234   1.14300715   1.28320758   1.35357423   1.28048965]
[  0.70955011   0.86832606   1.0055128    0.96129088   0.92766483
   8.22982564   1.0210663    1.3491293    1.06705996  10.64630335
   0.69110725   0.73892066   0.81856893   1.24124704   1.47920105
   0.89509359   1.20056992  11.45452467  13.30400513  13.30179772
  13.06380322  13.19573487  13.23958756  13.151643    13.06970143
  12.41799205  12.84561999  12.27732266   1.94690272   1.89403443
   1.54751117   1.14337544   1.28666931   1.35591303   1.28022196]
[  0.70895127   0.86759689   1.0040998    0.95995876   0.92581269
   8.70859036   1.02005022   1.3440465    1.07730556  10.78993458
   0.69057649   0.73815431   0.81718064   1.23837617   1.47732537
   0.89312703   1.19681402  11.60504019  13.27989456  13.27797778
  13.06073983  13.18118767  13.22130727  13.1410668   13.06632475
  12.47336264  12.86177727  12.34547634   1.97814111   1.91772638
   1.57055451   1.14304267   1.28968435   1.35796379   1.27940875]
[  0.70830823   0.86701423   1.00301758   0.95886845   0.92426606
   9.17010193   1.01913641   1.33949825   1.08711728  10.95488873
   0.69009977   0.73739258   0.81586297   1.23608585   1.47593784
   0.89135079   1.19339455  11.77159074  13.27898264  13.27724728
  13.07998606  13.18921806  13.22562232  13.15273062  13.0848411
  12.54836974  12.89890107  12.43247363   2.01051392   1.9401047
   1.59156528   1.14188845   1.29206218   1.3596516    1.27782541]
[  0.7076841    0.86660735   1.00229241   0.95804233   0.92303162
   9.65265783   1.01833034   1.33545426   1.09607325  11.16532713
   0.68969607   0.73666478   0.81463024   1.23436729   1.47479004
   0.88977915   1.19037329  11.97803884  13.32021688  13.31841313
  13.14074338  13.23856826  13.27102665  13.20518038  13.14383063
  12.66295176  12.97572543  12.55821684   2.04285027   1.96054511
   1.60963241   1.14001143   1.29367763   1.36091332   1.27537798]
[  0.70717026   0.86638749   1.00189467   0.95747099   0.92209322
  10.19745862   1.01763792   1.33179233   1.10380113  11.45624832
   0.68938368   0.73601335   0.81350194   1.23312368   1.47362343
   0.88839129   1.18781037  12.2587963   13.43345962  13.43099213
  13.27270714  13.35827377  13.38610709  13.32685091  13.27155517
  12.84639051  13.12021184  12.75147347   2.07303675   1.97828659
   1.62409493   1.13773188   1.29450071   1.36170978   1.27216618]
[  0.70684963   0.86633858   1.00175893   0.95712378   0.92141539
  10.84981162   1.01705006   1.32834635   1.1100813   11.87506575
   0.68917985   0.73547363   0.81250192   1.23222053   1.47232649
   0.88715442   1.18572356  12.6600905   13.66194584  13.65744692
  13.51790892  13.58939063  13.61109403  13.55734722  13.50697755
  13.1376416   13.37000912  13.04971942   2.09836261   1.99262758
   1.63465285   1.13548353   1.29458759   1.3620145    1.26846823]
[  0.70675489   0.86641877   1.00181034   0.95695767   0.920943
  11.64950257   1.01654587   1.32499413   1.11491349  12.4729448
   0.68909249   0.73505545   0.81165014   1.23155116   1.4709361
   0.88606443   1.18406465  13.23137679  14.05625969  14.04696838
  13.9239457   13.9782657   13.99103329  13.94031976  13.89236331
  13.57686896  13.76450372  13.49030085   2.11675706   2.00340557
   1.64146823   1.13362965   1.29406069   1.36181823   1.2646677 ]
[  0.70685123   0.86658513   1.00197091   0.95690835   0.92061425
  12.60780207   1.01612861   1.32171568   1.11849552  13.27748516
   0.68911102   0.7347398    0.8109522    1.23103349   1.469556
   0.88514463   1.18276824  13.99885111  14.65008702  14.63172463
  14.52044204  14.55368335  14.5534812   14.50153982  14.45175936
  14.18386848  14.32420513  14.0899328    2.12813432   2.01124274
   1.64524002   1.13230704   1.29307621   1.36121269   1.26110814]
[  0.70705902   0.86680454   1.00217468   0.95690051   0.9203941
  13.68628982   1.01580555   1.31859215   1.12112913  14.26045481
   0.68921568   0.73450101   0.81039471   1.23059011   1.46832305
   0.8843914    1.18176427  14.93585698  15.42863788  15.39699241
  15.29125052  15.3004769   15.28361795  15.22568521  15.16941184
  14.93917675  15.03250525  14.82895359   2.13432795   2.0171033
   1.64706924   1.1314563    1.29181183   1.36041228   1.25796086]
[  0.70730638   0.86703649   1.00238443   0.9568762    0.92025854
  14.81054094   1.01555674   1.31573167   1.12314878  15.3409226
   0.68938111   0.7343297    0.80995777   1.23015873   1.46731261
   0.88377336   1.18098346  15.96552454  16.32514675  16.27873459
  16.1739669   16.15947715  16.12497304  16.05831263  15.99289919
  15.79027847  15.84098846  15.65922313   2.13766251   2.02182368
   1.64796734   1.13097166   1.29043977   1.35962836   1.25520374]
[  0.7075496    0.86724711   1.00257866   0.95681229   0.92017621
  15.9105841    1.01536197   1.31316213   1.12484299  16.42730138
   0.68958878   0.73421058   0.80961154   1.22971598   1.46650479
   0.8832609    1.18038203  17.00127778  17.2566446   17.1975742
  17.09258087  17.05821512  17.00846257  16.93354195  16.85948287
  16.67737664  16.69306983  16.52705751   2.13982205   2.02596769
   1.64857687   1.13075999   1.28909344   1.35898111   1.25274717]
[  0.70776536   0.86742354   1.00274552   0.95670976   0.92011328
  16.94236746   1.01520824   1.31085052   1.12638185  17.45456487
   0.68982912   0.73411773   0.80932715   1.22926623   1.46583192
   0.88283406   1.17992632  17.9821134   18.15963663  18.09206137
  17.98812254  17.93950848  17.87888834  17.7983957   17.71838156
  17.55294239  17.54232564  17.38910952   2.14170845   2.02981024
   1.64921942   1.13074578   1.28784857   1.35851968   1.25053511]
[  0.70794602   0.86756323   1.00287875   0.95657547   0.92004507
  17.88553815   1.01508409   1.30874278   1.12784618  18.39161543
   0.69009042   0.73403007   0.80908875   1.22881653   1.46523406
   0.88248139   1.17958729  18.87775105  18.99862761  18.92687282
  18.82608481  18.76877574  18.70192114  18.61918981  18.53658246
  18.38603383  18.35719509  18.21575621   2.14373369   2.03342024
   1.65001044   1.13086975   1.2867381    1.35824192   1.24855574]
[  0.70809327   0.86766574   1.00297498   0.95641425   0.9199584
  18.73440277   1.01497565   1.306801     1.12928521  19.22930315
   0.69035873   0.73393221   0.80888934   1.2283709    1.46467806
   0.8821966    1.17933426  19.67919857  19.75934489  19.68692434
  19.59114413  19.52966319  19.46046488  19.37844376  19.29625328
  19.15970834  19.11928472  18.98939689   2.14603964   2.03679851
   1.6509896    1.13108933   1.2857615    1.35811288   1.24681959]
[  0.70821145   0.86773402   1.00303383   0.95623135   0.91984534
  19.49023344   1.01486858   1.30499303   1.13072934  19.96982042
   0.69062345   0.73381612   0.80872167   1.22793441   1.46415101
   0.88197631   1.1791347   20.38868851  20.43971902  20.36912101
  20.27960766  20.21725274  20.14857732  20.06945468  19.98994418
  19.86672339  19.81974614  19.70129269   2.14864893   2.03993405
   1.65217875   1.13137507   1.28490371   1.35809179   1.24533502]
[  0.70830568   0.86777269   1.00305789   0.95603121   0.91970127
  20.15792059   1.014753     1.30329042   1.13218393  20.62057333
   0.69087865   0.73367968   0.80857773   1.22751148   1.46364429
   0.88181723   1.1789562   21.01390519  21.04420501  20.9770189   20.894437
  20.83343159  20.76720043  20.69239992  20.61706398  20.50642218
  20.4564947   20.34918974   2.15153973   2.04282933   1.65358777
   1.13170792   1.28415397   1.35815063   1.24409416]
[  0.70838147   0.86778802   1.00304946   0.95581626   0.91952594
  20.74431532   1.01462429   1.301673     1.1336376   21.19056851
   0.69111982   0.73352216   0.80845132   1.2271092    1.46314284
   0.88171414   1.1787755   21.56456744  21.58017474  21.51730709
  21.44185612  21.38359584  21.32098499  21.25130844  21.18100747
  21.08208265  21.03167221  20.93501501   2.1546648    2.04550593
   1.65521851   1.1320754    1.28350729   1.35827194   1.24307803]
[  0.70844401   0.86778649   1.00301003   0.95558796   0.91932186
  21.2571007    1.01448082   1.30012535   1.13507607  21.68884951
   0.69134339   0.73334312   0.8083382    1.22673616   1.46263622
   0.88165763   1.17858109  22.05031102  22.05558216  21.99746204
  21.92902241  21.87431051  21.815958    21.75175567  21.68688462
  21.59873387  21.54946251  21.46278769   2.15796263   2.04800146
   1.65706234   1.13246801   1.28296019   1.35844317   1.24226499]
[  0.70849757   0.86777337   1.00294093   0.95534793   0.91909184
  21.70398084   1.01432247   1.29863307   1.13648662  22.12400405
   0.69154797   0.73314394   0.8082347    1.22639395   1.4621299
   0.88163463   1.17836824  22.47974245  22.47783306  22.424574
  22.36282821  22.31206388  22.25824096  22.19955871  22.14019572
  22.06184877  22.01473551  21.93728308   2.16137803   2.0503689
   1.6591022    1.13287614   1.28250815   1.35865358   1.2416365 ]
[  0.70854523   0.86775293   1.00284372   0.95509793   0.91883908
  22.09229479   1.01414945   1.29718551   1.1378575   22.50389632
   0.69173381   0.73292649   0.80813749   1.22608086   1.46163672
   0.88163193   1.17813739  22.85997433  22.8531827   22.80470127
  22.7492237   22.70254185  22.65328212  22.5999745   22.54599646
  22.47650192  22.43214904  22.36312594   2.16487229   2.05264993
   1.66132043   1.13329046   1.28214766   1.35889333   1.24117445]
[  0.70858893   0.86772812   1.00272031   0.95484022   0.91856697
  22.42897085   1.0139619    1.2957767    1.13918129  22.83547983
   0.69190154   0.73269118   0.80804371   1.2257958    1.46116692
   0.88163943   1.1778924   23.19694598  23.18695018  23.14304366
  23.09335776  23.05072289  23.00590945  22.95771579  22.90887682
  22.84732998  22.80605402  22.74467438   2.1684289    2.05486229
   1.66369894   1.13370384   1.2818764    1.35915495   1.24085987]
[  0.70863015   0.86769976   1.00257365   0.95457801   0.91827829
  22.72053618   1.01376059   1.29440437   1.14045636  23.12474783
   0.6920514    0.73243808   0.80795108   1.22553592   1.46072592
   0.88165109   1.17763541  23.49610992  23.48412856  23.44452101
  23.4001304   23.3613949   23.32081401  23.2774043   23.2333837
  23.17893713  23.14085553  23.08636096   2.1720495    2.05701152
   1.66621719   1.13411355   1.28169009   1.35943244   1.24067405]
[  0.70867017   0.86766764   1.00240723   0.95431486   0.91797547
  22.97292007   1.01354741   1.29306855   1.14168474  23.37679896
   0.6921833    0.7321681    0.80785816   1.22529688   1.46031544
   0.8816638    1.17736597  23.76244464  23.74935422  23.71372848
  23.67413774  23.63908313  23.60246217  23.56346926  23.52390524
  23.47577419  23.44086796  23.39254037   2.17573432   2.05910324
   1.66885715   1.13452066   1.28158116   1.35971932   1.24059821]
[  0.7087101    0.86763172   1.00222429   0.95405386   0.91766097
  23.1913401    1.01332501   1.29176895   1.14287142  23.59604066
   0.69229719   0.73188279   0.80776374   1.22507505   1.45993517
   0.88167591   1.17708486  23.99999849  23.98642659  23.9544523
  23.91918628  23.88755807  23.85459796  23.81964544  23.78416417
  23.74163373  23.70979828  23.66697241   2.17946873   2.06114403
   1.67160497   1.13492689   1.28154017   1.36001064   1.24061413]
[  0.70875078   0.86759222   1.00202764   0.95379737   0.91733696
  23.38040769   1.01309578   1.29050455   1.14402271  23.78642627
   0.69239331   0.7315846    0.80766651   1.22486698   1.45958401
   0.88168671   1.17679496  24.2119217   24.19831607  24.16966914
  24.13828562  24.10981805  24.080216    24.04893759  24.01717332
  23.97960166  23.95068345  23.91275426   2.18323296   2.06314092
   1.67444441   1.13533288   1.28155724   1.3603048    1.24070625]
[  0.70879286   0.86754947   1.00181977   0.95354711   0.91700517
  23.54410714   1.0128615    1.28927396   1.14514383  23.95155237
   0.69247213   0.73127658   0.8075653    1.22466891   1.45926035
   0.88169616   1.17650009  24.40084879  24.38752485  24.36189687
  24.3339908   24.30842019  24.28188174  24.25393058  24.22553569
  24.19235095  24.16617     24.13259271   2.18700475   2.06510201
   1.6773594    1.13573867   1.28162343   1.36060128   1.24086218]
[  0.70883689   0.86750388   1.00160311   0.95330397   0.91666734
  23.6858324    1.01262368   1.28807567   1.14623813  24.09465844
   0.69253433   0.73096142   0.80745918   1.22447719   1.45896121
   0.88170481   1.17620412  24.56914125  24.55631529  24.53341722
  24.50862032  24.48569191  24.46193655  24.43698884  24.41163786
  24.38233206  24.35869561  24.32898193   2.19076038   2.06703496
   1.68033771   1.13614453   1.28173127   1.36089875   1.24107247]
[  0.70888311   0.86745592   1.00137998   0.95306787   0.91632498
  23.80857792   1.0123836    1.28690849   1.14730821  24.21861677
   0.69258083   0.73064134   0.80734753   1.22428835   1.45868171
   0.88171373   1.17591001  24.71897074  24.70678436  24.68634765
  24.66432625  24.64379765  24.62256146  24.60031738  24.57770828
  24.55183053  24.53054178  24.50425495   2.19448276   2.06894563
   1.68336852   1.13655074   1.28187437   1.3611956    1.24133003]
[  0.70893157   0.86740609   1.00115244   0.95283837   0.91597924
  23.91498146   1.01214245   1.28577143   1.14835639  24.32591313
   0.69261268   0.73031816   0.8072299    1.2240992    1.4584168
   0.88172398   1.1756196   24.85235342  24.8408919   24.82266838
  24.80312072  24.78476366  24.76580029  24.74598373  24.72583785
  24.70298785  24.68385167  24.6606013    2.1981624    2.07083794
   1.68644165   1.1369575    1.2820484    1.36148995   1.24162894]
[  0.70898216   0.86735485   1.00092213   0.95261505   0.91563091
  24.00733106   1.01190147   1.28466341   1.14938497  24.4186741
   0.69263085   0.72999354   0.80710599   1.22390721   1.45816281
   0.8817361    1.17533403  24.97111468  24.96042144  24.94418311
  24.926837    24.91043852  24.8935198   24.8758778   24.85793957
  24.83776214  24.82058926  24.80002695   2.20179644   2.07271337
   1.68954626   1.13736522   1.28225099   1.36177981   1.24196366]
[  0.70903465   0.86730249   1.00069039   0.95239774   0.91528072
  24.08817441   1.01166187   1.28358314   1.15039641  24.49937263
   0.69263603   0.72966906   0.80697553   1.22371069   1.45791845
   0.88174991   1.17505454  25.07746049  25.06754254  25.05307544
  25.03768054  25.023038    25.00794854  24.99224515  24.97627595
  24.95845097  24.94305546  24.92486555   2.20538536   2.0745702
   1.69266869   1.13777429   1.28248033   1.36206345   1.24232888]
[  0.70908909   0.86724925   1.00045784   0.95218602   0.91492909
  24.15822813   1.01142428   1.2825291    1.15139251  24.56868266
   0.69262931   0.7293455    0.80683807   1.22350796   1.4576812
   0.88176562   1.1747817   25.17193208  25.16278514  25.14990424
  25.13624528  25.12318193  25.10973414  25.09576448  25.08155678
  25.06580962  25.05202577  25.03593622   2.2089377    2.07640601
   1.69580626   1.13818549   1.28273421   1.36233969   1.24272117]
[  0.70914531   0.86719523   1.00022532   0.95198012   0.91457665
  24.21908981   1.01118893   1.28150234   1.15237467  24.62811288
   0.69261144   0.72902312   0.80669292   1.22329788   1.45745031
   0.88178396   1.17451492  25.25608044  25.24768267  25.23621857
  25.22410118  25.21245369  25.20047507  25.18805221  25.17541653
  25.16150261  25.14917409  25.13494161   2.21246089   2.07822348
   1.69895637   1.13859777   1.28300912   1.36260714   1.24313692]
[  0.70920333   0.86714048   0.99999352   0.95178008   0.9142242
  24.27214944   1.01095576   1.28050392   1.15334414  24.67902154
   0.69258324   0.72870202   0.8065396    1.22308034   1.45722421
   0.88180574   1.17425336  25.33123707  25.32355446  25.31335265
  25.30260163  25.29221985  25.28155252  25.27050651  25.25927053
  25.24697223  25.23595302  25.22336038   2.21595877   2.08002807
   1.70212037   1.1390099    1.28330038   1.36286497   1.24357251]
[  0.70926314   0.86708507   0.99976299   0.95158561   0.91387257
  24.31858747   1.01072464   1.27953298   1.15430295  24.72268935
   0.69254556   0.72838271   0.80637817   1.2228571    1.4570008
   0.88183113   1.17399697  25.39829611  25.3912894   25.38221204
  25.37267241  25.36342153  25.35392411  25.34410347  25.33411346
  25.32323977  25.31339694  25.30225283   2.21943282   2.0818216
   1.70529804   1.13942135   1.28360318   1.36311337   1.24402389]
[  0.70932476   0.86702918   0.99953411   0.95139625   0.91352251
  24.35939229   1.01049549   1.27858811   1.15525256  24.76024436
   0.69249928   0.72806582   0.80620915   1.22263108   1.45677754
   0.88186012   1.17374592  25.45792602  25.45155461  25.44348041
  25.43501658  25.42677725  25.4183248   25.40959607  25.40071649
  25.39110107  25.38231545  25.37245275   2.22288582   2.08360202
   1.70848759   1.13983211   1.28391359   1.36335243   1.24448722]
[  0.70938816   0.86697309   0.99930713   0.95121147   0.91317464
  24.39539442   1.01026821   1.27766823   1.15619316  24.79263986
   0.69244525   0.72775173   0.8060333    1.22240559   1.45655154
   0.88189266   1.17350054  25.51071429  25.50493765  25.49775998
  25.49025343  25.48292021  25.4754025   25.46764826  25.45975976
  25.45125789  25.44342301  25.43469584   2.22632114   2.08536567
   1.71168676   1.14024233   1.28422878   1.36358152   1.24495936]
[  0.70945333   0.86691706   0.9990821    0.95103082   0.91282947
  24.42729376   1.01004265   1.27677252   1.15712411  24.82067437
   0.69238439   0.72744064   0.80585144   1.22218368   1.45632025
   0.8819286    1.173261    25.55724363  25.55202155  25.54564606
  25.53899254  25.53247167  25.52579087  25.51890726  25.5119042
  25.50438927  25.49740957  25.48968998   2.22974124   2.08710902
   1.71489348   1.14065232   1.2845469    1.36379941   1.24543795]
[  0.7095203    0.86686138   0.99885891   0.95085404   0.91248737
  24.45567389   1.00981869   1.27590017   1.15804452  24.84501329
   0.69231763   0.7271326    0.80566442   1.22196776   1.45608201
   0.88196759   1.17302702  25.59811856  25.593411    25.58775333
  25.58186025  25.57606758  25.57013606  25.56403037  25.55781843
  25.55117883  25.5449679   25.53814285   2.23314717   2.08882914
   1.7181062    1.14106249   1.28486686   1.3640047    1.24592136]
[  0.70958906   0.86680627   0.99863741   0.95068093   0.91214861
  24.48101103   1.00959624   1.27505013   1.15895368  24.86620871
   0.69224586   0.72682758   0.80547299   1.22175959   1.45583623
   0.88200915   1.17279799  25.63392808  25.62969562  25.62467999
  25.61946471  25.61432439  25.60906337  25.60365251  25.59814718
  25.59228408  25.58676357  25.58073281   2.23653835   2.0905242
   1.72132398   1.14147324   1.28518809   1.36419617   1.24640858]
[  0.70965954   0.86675187   0.99841754   0.95051127   0.91181339
  24.50368864   1.00937529   1.27422105   1.15985132  24.88471264
   0.69216984   0.72652553   0.80527777   1.22156047   1.45558294
   0.88205281   1.17257326  25.66519925  25.66140384  25.65696243
  25.65235142  25.64779534  25.64313418  25.63834393  25.63346967
  25.62829573  25.62339488  25.61806963   2.23991263   2.09219456
   1.72454625   1.14188465   1.28551036   1.36437285   1.2468989 ]
[  0.70973159   0.86669823   0.99819937   0.95034477   0.91148186
  24.52402207   1.00915599   1.27341142   1.16073765  24.90088379
   0.69209019   0.72622633   0.80507925   1.22137119   1.45532237
   0.8820982    1.1723523   25.69240577  25.68901117  25.68508335
  25.6810112   25.6769783   25.6728538   25.66861788  25.66430728
  25.65974531  25.65540038  25.65070205   2.24326713   2.09384303
   1.72777253   1.14229649   1.28583361   1.36453412   1.24739169]
[  0.70980507   0.86664532   0.99798309   0.95018114   0.91115412
  24.54228687   1.00893856   1.27261984   1.16161334  24.91499781
   0.69200738   0.72592988   0.80487788   1.22119199   1.45505467
   0.88214501   1.1721346   25.71599225  25.71296405  25.70949536
  25.70590364  25.70233897  25.69869434  25.69495339  25.69114605
  25.68712756  25.68328098  25.67913978   2.24659922   2.09547397
   1.73100215   1.14270835   1.2861578    1.3646796    1.24788609]
[  0.70987981   0.86659303   0.9977689    0.9500202    0.91083016
  24.55874321   1.00872334   1.27184519   1.16247964  24.92726608
   0.69192181   0.72563607   0.80467403   1.22102263   1.45477992
   0.88219307   1.17191966  25.73637568  25.73368119  25.73062252
  25.72745879  25.72431269  25.7210967   25.71779732  25.71443891
  25.71090289  25.70750249  25.70385617   2.24990824   2.09709266
   1.73423383   1.14311981   1.28648282   1.36480921   1.24838091]
[  0.70995568   0.86654112   0.99755705   0.94986188   0.9105099
  24.57364176   1.00851062   1.27108665   1.1633382   24.93786215
   0.69183378   0.72534481   0.80446803   1.22086243   1.4544981
   0.88224224   1.17170713  25.75393618  25.75154453  25.74885151
  25.74606863  25.74329618  25.74046256  25.73755665  25.73459826
  25.73149025  25.72848874  25.72528169   2.25319714   2.09870436
   1.73746568   1.14353042   1.28680847   1.364923     1.24887476]
[  0.71003251   0.8664895    0.9973477    0.94970615   0.9101932
  24.58718629   1.00830068   1.27034358   1.16419015  24.94694909
   0.69174364   0.72505611   0.80426021   1.22071043   1.45420927
   0.88229242   1.171497    25.76900304  25.7668854   25.76451816
  25.76207393  25.75963468  25.75714186  25.75458627  25.75198402
  25.74925554  25.74661024  25.74379293   2.25647026   2.10031296
   1.74069627   1.14393954   1.28713465   1.36502118   1.2493666 ]
[  0.71011013   0.86643834   0.99714077   0.94955289   0.90987996
  24.59951307   1.00809373   1.2696153    1.16503564  24.95469215
   0.69165172   0.72477012   0.80405093   1.22056545   1.45391375
   0.88234349   1.17128955  25.78183954  25.77996958  25.77789269
  25.77574973  25.77360768  25.77141866  25.76917506  25.76688999
  25.76449825  25.76217105  25.75969971   2.25972957   2.10192039
   1.74392518   1.14434645   1.28746145   1.36510419   1.24985601]
[  0.71018835   0.86638782   0.99693606   0.94940191   0.90957017
  24.6107302    1.00788988   1.26890087   1.1658746   24.961255
   0.69155837   0.72448703   0.80384056   1.22042616   1.45361217
   0.88239537   1.17108524  25.79264832  25.79100237  25.78918469
  25.7873102   25.78543365  25.78351585  25.78155054  25.77954835
  25.77745589  25.7754131   25.77324934   2.26297533   2.10352705
   1.74715206   1.14475067   1.28778881   1.36517277   1.25034285]
[  0.71026707   0.866338     0.9967335    0.949253     0.90926392
  24.62093744   1.00768918   1.26819917   1.1667072   24.96679182
   0.69146383   0.72420698   0.80362949   1.2202913    1.45330533
   0.88244798   1.17088456  25.80159727  25.8001542   25.79856844
  25.79693376  25.79529487  25.79361973  25.79190315  25.79015378
  25.78832786  25.7865398   25.78465006   2.26620762   2.10513254
   1.75037623   1.14515199   1.28811647   1.36522776   1.250827  ]
[  0.7103462    0.86628883   0.99653306   0.94910601   0.90896133
  24.63022353   1.00749159   1.26750906   1.16753383  24.97144108
   0.69136836   0.72393004   0.80341806   1.22015982   1.45299405
   0.88250115   1.17068791  25.8088426   25.80758349  25.80620566
  25.80478562  25.80335987  25.80190223  25.80040838  25.79888537
  25.79729733  25.79573777  25.79409259   2.26942657   2.10673603
   1.75359701   1.14555041   1.288444     1.36526998   1.25130827]
[  0.71042569   0.86624026   0.99633476   0.9489608    0.90866254
  24.63866879   1.00729701   1.26682954   1.16835501  24.97532256
   0.69127216   0.72365625   0.80320659   1.22003094   1.45267905
   0.8825547    1.17049559  25.81454122  25.81344894  25.81225775
  25.81103006  25.80979568  25.80853319  25.80723903  25.8059189
  25.80454342  25.80318902  25.8017624    2.27263208   2.10833697
   1.75681389   1.14594603   1.28877096   1.3653001    1.25178638]
[  0.71050553   0.86619221   0.99613863   0.94881726   0.90836766
  24.64635166   1.00710537   1.26615978   1.16917133  24.97853879
   0.69117545   0.72338562   0.80299536   1.21990413   1.4523609
   0.88260842   1.1703077   25.81885593  25.81791478  25.81689111
  25.81583581  25.81477323  25.81368584  25.8125707   25.81143242
  25.81024695  25.80907672  25.80784546   2.27582349   2.10993539
   1.76002669   1.14633893   1.28909697   1.3653186    1.25226101]
[  0.71058574   0.86614467   0.99594474   0.94867528   0.90807671
  24.65334862   1.00691657   1.26549911   1.16998343  24.98117944
   0.69107844   0.72311818   0.8027847    1.219779     1.45203996
   0.88266218   1.17012412  25.8219456   25.82114112  25.82026767
  25.81936676  25.81845828  25.81752788  25.81657312  25.81559774
  25.81458203  25.81357701  25.81252032   2.27899941   2.11153177
   1.76323563   1.14672927   1.28942169   1.36532584   1.25273174]
[  0.71066629   0.86609757   0.99575314   0.94853483   0.90778959
  24.65972557   1.00673045   1.26484699   1.17079202  24.98332454
   0.69098119   0.72285399   0.80257497   1.21965537   1.45171624
   0.88271592   1.16994471  25.82393926  25.82325825  25.82251952
  25.8217569   25.82098663  25.82019697  25.81938589  25.81855644
  25.81769245  25.81683562  25.81593494   2.28215795   2.11312636
   1.76644128   1.14711719   1.2897449    1.36532222   1.25319816]
[  0.71074714   0.86605089   0.99556388   0.94839589   0.90750617
  24.66553332   1.00654685   1.26420291   1.1715978   24.98504317
   0.69088363   0.72259315   0.80236653   1.21953332   1.45138957
   0.88276965   1.16976931  25.82492789  25.82435858  25.82374087
  25.82310234  25.82245624  25.82179297  25.82111085  25.82041234
  25.8196842   25.81896047  25.81819948   2.28529746   2.11471882
   1.76964419   1.14750279   1.29006642   1.36530826   1.25365996]
[  0.71082819   0.86600457   0.99537701   0.94825842   0.90722633
  24.67081404   1.00636554   1.26356641   1.17240146  24.98639011
   0.69078563   0.72233575   0.80215966   1.219413     1.45105989
   0.88282336   1.1695978   25.82498706  25.824519    25.82401028
  25.82348339  25.82294912  25.82239963  25.82183352  25.82125278
  25.82064655  25.82004266  25.81940701   2.28841728   2.11630837
   1.77284464   1.14788612   1.2903861    1.36528453   1.25411699]
[  0.71090936   0.86595859   0.99519258   0.94812239   0.90694997
  24.67560891   1.00618633   1.26293713   1.17320363  24.98740448
   0.69068703   0.72208183   0.80195452   1.2192945    1.45072747
   0.88287695   1.16943018  25.82419752  25.82382136  25.82341096
  25.82298466  25.82255126  25.82210435  25.82164276  25.82116809
  25.82067146  25.82017558  25.81965258   2.29151783   2.11789398
   1.77604253   1.14826721   1.29070383   1.36525159   1.25456923]
[  0.71099058   0.86591296   0.99501059   0.94798771   0.90667703
  24.67995982   1.00600905   1.26231479   1.1740049   24.98811152
   0.69058777   0.72183137   0.8017512    1.21917776   1.4503928
   0.88293024   1.16926653  25.82264787  25.82235506  25.82203335
  25.8216977   25.82135529  25.82100086  25.82063344  25.82025433
  25.81985624  25.81945773  25.819036     2.29460032   2.11947462
   1.77923743   1.14864612   1.29101953   1.36520995   1.25501676]
[  0.71107177   0.86586774   0.99483105   0.9478543    0.90640744
  24.68390669   1.00583355   1.26169919   1.17480579  24.988526
   0.69048781   0.72158428   0.80154977   1.21906257   1.45005646
   0.88298301   1.16910709  25.82042876  25.82021138  25.81996957
  25.81971551  25.81945505  25.81918389  25.81890123  25.81860811
  25.81829855  25.81798771  25.81765695   2.29766649   2.12104938
   1.7824287    1.14902288   1.29133306   1.36516006   1.2554597 ]
[  0.71115286   0.86582299   0.99465395   0.94772212   0.90614115
  24.68748367   1.00565973   1.26109008   1.17560679  24.98865739
   0.69038715   0.7213404    0.80135033   1.21894862   1.44971898
   0.88303501   1.16895211  25.81762688  25.81747758  25.81730758
  25.81712679  25.81694     25.81674367  25.81653713  25.81632124
  25.81609108  25.81585901  25.81560983   2.30071825   2.12261747
   1.78561566   1.14939755   1.29164428   1.36510236   1.25589826]
[  0.71123377   0.86577877   0.99447924   0.94759114   0.90587809
  24.69071593   1.0054875    1.26048723   1.17640823  24.98851682
   0.69028583   0.72109957   0.80115301   1.2188356    1.44938078
   0.88308602   1.16880181  25.81431707  25.81422905  25.81412345
  25.81400833  25.8138876   25.81375837  25.81362008  25.81347341
  25.81331433  25.81315295  25.8129768    2.30375724   2.12417799
   1.78879783   1.14977015   1.29195298   1.3650373    1.25633271]
[  0.71131445   0.86573511   0.9943069    0.94746136   0.90561824
  24.69361926   1.00531673   1.25989035   1.17721023  24.98812274
   0.69018394   0.72086161   0.80095792   1.21872324   1.4490423
   0.8831358    1.16865637  25.81055608  25.81052315  25.81047525
  25.81041896  25.81035745  25.81028835  25.81021121  25.81012655
  25.81003109  25.80993306  25.80982229   2.30678438   2.12572966
   1.79197494   1.15014076   1.292259     1.36496539   1.25676333]
[  0.71139484   0.865692     0.99413686   0.94733279   0.90536158
  24.69620377   1.00514723   1.25929923   1.17801282  24.9875011
   0.69008159   0.72062641   0.80076509   1.21861133   1.44870394
   0.88318413   1.1685159   25.80638739  25.80640402  25.80640788
  25.80640432  25.80639593  25.80638077  25.80635844  25.80632939
  25.80629091  25.80624972  25.8061975    2.3098       2.12727076
   1.79514678   1.15050951   1.29256224   1.36488721   1.25719042]
[  0.71147493   0.86564942   0.99396904   0.94720543   0.90510811
  24.69847818   1.00497871   1.25871365   1.17881601  24.98668286
   0.68997893   0.7203939    0.80057453   1.21849969   1.44836608
   0.88323083   1.16838041  25.80185158  25.80191282  25.80196313
  25.80200688  25.80204617  25.80207941  25.80210627  25.80212711
  25.8021397   25.80214953  25.80214979   2.31280416   2.12879932
   1.79831299   1.1508766    1.29286266   1.36480345   1.2576142 ]
[  0.71155471   0.86560732   0.99380336   0.94707929   0.90485782
  24.700452     1.00481084   1.25813342   1.17961991  24.98570164
   0.68987609   0.72016401   0.8003862    1.21838818   1.44802907
   0.88327573   1.16824981  25.79699242  25.79709375  25.79718571
  25.79727187  25.79735391  25.79743056  25.79750152  25.79756708
  25.79762542  25.797681    25.79772827   2.3157969    2.13031339
   1.80147293   1.1512423    1.29316026   1.36471486   1.25803492]
[  0.71163419   0.86556567   0.99363975   0.94695437   0.9046107
  24.70213642   1.0046433    1.25755832   1.18042462  24.98459075
   0.68977325   0.71993672   0.80020003   1.21827668   1.44769324
   0.88331871   1.16812392  25.79185748  25.79199471  25.7921239
  25.79224793  25.7923682   25.79248364  25.79259401  25.79269954
  25.79279873  25.79289523  25.7929845    2.31877828   2.13181139
   1.80462587   1.15160688   1.29345506   1.3646222    1.25845274]
[  0.7117134    0.86552444   0.99347814   0.94683064   0.90436674
  24.70354527   1.00447584   1.25698809   1.18123024  24.98337979
   0.68967052   0.71971199   0.80001597   1.21816507   1.44735882
   0.88335968   1.16800253  25.78649551  25.78666469  25.78682695
  25.78698464  25.78713889  25.78728882  25.78743423  25.78757531
  25.78771082  25.78784374  25.78797034   2.32174837   2.13329236
   1.80777121   1.15197055   1.29374709   1.36452614   1.25886781]
[  0.71179236   0.86548359   0.99331849   0.94670809   0.9041259
  24.70469585   1.0043083    1.25642248   1.18203673  24.98209221
   0.689568     0.71948975   0.79983394   1.21805326   1.44702599
   0.88339859   1.16788539  25.78095272  25.78115013  25.78134157
  25.78152896  25.78171321  25.78189361  25.78206998  25.78224248
  25.78241008  25.78257521  25.78273483   2.32470722   2.13475603
   1.81090876   1.15233335   1.29403638   1.36442719   1.25928025]
[  0.71187107   0.86544314   0.99316078   0.94658666   0.90388816
  24.70560907   1.00414066   1.25586123   1.18284398  24.98074526
   0.68946577   0.71926994   0.79965389   1.21794119   1.44669484
   0.88343541   1.16777227  25.77527008  25.77549222  25.77570922
  25.77592263  25.77613318  25.7763403   25.77654384  25.7767439
  25.77693967  25.77713311  25.77732174   2.32765494   2.13620259
   1.8140388    1.15269525   1.29432298   1.36432565   1.25969012]
[  0.71194956   0.86540306   0.99300498   0.94646629   0.90365345
  24.70630893   1.00397292   1.25530415   1.18365179  24.97935182
   0.68936386   0.71905244   0.79947578   1.2178288    1.44636542
   0.88347016   1.167663    25.76948277  25.76972642  25.76996562
  25.77020164  25.77043508  25.77066547  25.77089267  25.77111677
  25.7713371   25.77155526  25.77176921   2.33059177   2.13763246
   1.81716192   1.15305612   1.29460696   1.36422169   1.26009748]
[  0.71202783   0.86536338   0.99285109   0.94634691   0.90342174
  24.70682189   1.00380516   1.25475106   1.18445987  24.97792258
   0.68926233   0.71883714   0.7992996    1.21771608   1.44603775
   0.88350283   1.16755744  25.76362154  25.76388371  25.76414204
  25.76439756  25.76465076  25.76490124  25.7651489   25.7653938
  25.76563539  25.76587497  25.76611088   2.33351818   2.13904606
   1.8202788    1.15341583   1.2948884    1.36411534   1.26050238]
[  0.71210587   0.86532409   0.9926991    0.94622847   0.90319295
  24.70717611   1.00363746   1.25420186   1.18526793  24.97646806
   0.68916121   0.71862392   0.79912535   1.21760302   1.44571179
   0.88353345   1.16745547  25.7577143   25.75799225  25.7582669
  25.75853906  25.75880915  25.75907683  25.75934201  25.75960474
  25.75986457  25.76012255  25.76037734   2.33643486   2.14044375
   1.82338995   1.1537743    1.29516739   1.36400659   1.26090488]
[  0.71218367   0.86528521   0.992549     0.94611089   0.90296703
  24.70740075   1.00346987   1.25365647   1.18607562  24.97499979
   0.68906052   0.71841263   0.79895303   1.21748966   1.44538753
   0.88356205   1.16735697  25.75178643  25.75207767  25.75236605
  25.75265225  25.7529366   25.75321881  25.75349883  25.75377668
  25.75405199  25.75432562  25.75459646   2.33934261   2.14182588
   1.82649567   1.1541315    1.29544405   1.36389538   1.26130504]
[  0.71226124   0.86524673   0.99240078   0.94599413   0.90274388
  24.70752524   1.00330248   1.2531148    1.18688264  24.97353072
   0.68896033   0.71820316   0.79878267   1.21737604   1.44506493
   0.88358866   1.16726181  25.74585951  25.74616173  25.7464615
  25.74675936  25.74705557  25.74734991  25.74764231  25.74793281
  25.74822109  25.74850785  25.74879218   2.34224221   2.14319284
   1.82959592   1.15448744   1.29571852   1.36378164   1.26170289]
[  0.71233859   0.86520862   0.99225444   0.94587814   0.90252343
  24.7075786    1.00313533   1.25257677   1.18768874  24.97207503
   0.68886069   0.71799549   0.79861426   1.21726221   1.44474391
   0.8836133    1.16716983  25.73994959  25.74026074  25.74056979
  25.74087717  25.7411831   25.74148739  25.74178999  25.74209091
  25.74238991  25.74268754  25.74298306   2.34513427   2.14454509
   1.83269044   1.15484223   1.29599094   1.36366535   1.26209847]
[  0.71241577   0.86517077   0.99210999   0.94576289   0.90230556
  24.70758741   1.00296844   1.25204226   1.18849377  24.97064675
   0.68876163   0.71778972   0.79844771   1.21714819   1.44442437
   0.88363598   1.16708084  25.73406731  25.73438559  25.73470207
  25.7350171   25.73533086  25.73564318  25.73595404  25.73626343
  25.73657114  25.73687765  25.73718233   2.3480191    2.14588302
   1.83577894   1.15519599   1.29626145   1.36354648   1.26249176]
[  0.71249285   0.86513307   0.99196745   0.94564834   0.90209015
  24.70757033   1.00280183   1.25151115   1.18929773  24.969256     0.6886632
   0.71758616   0.79828289   1.21703388   1.44410614   0.88365663
   1.16699463  25.72822014  25.72854397  25.72886627  25.72918731
  25.72950725  25.72982595  25.73014337  25.73045952  25.73077422
  25.73108786  25.73139992   2.35089669   2.14720689   1.83886131
   1.15554885   1.29653013   1.36342511   1.26288279]
[  0.7125699    0.86509545   0.99182682   0.94553447   0.90187707
  24.70753187   1.00263546   1.25098331   1.19010068  24.96790377
   0.68856543   0.71738513   0.79811963   1.21691919   1.44378915
   0.88367514   1.16691098  25.72241492  25.72274294  25.72306966
  25.72339531  25.72371999  25.72404361  25.72436612  25.72468754
  25.72500771  25.72532695  25.72564485   2.35376684   2.14851661
   1.8419378    1.1559009    1.29679707   1.36330132   1.26327163]
[  0.71264694   0.86505791   0.99168806   0.94542123   0.90166619
  24.70746432   1.00246934   1.25045865   1.19090275  24.96658099
   0.68846827   0.71718688   0.79795782   1.216804     1.4434734
   0.88369142   1.16682972  25.7166586   25.71698961  25.71731953
  25.71764853  25.7179767   25.71830396  25.71863028  25.71895566
  25.71927997  25.71960347  25.71992582   2.35662924   2.14981185
   1.8450089    1.15625219   1.29706237   1.36317525   1.2636584 ]
[  0.71272399   0.86502048   0.99155111   0.94530856   0.90145742
  24.70735679   1.00230344   1.24993709   1.19170415  24.96527311
   0.68837171   0.7169915    0.79779738   1.21668825   1.44315904
   0.88370539   1.1667507   25.71095714  25.7112901   25.71162214
  25.71195341  25.71228398  25.71261377  25.71294275  25.71327094
  25.71359822  25.7139248   25.71425041   2.35948356   2.15109223
   1.84807512   1.15660272   1.29732616   1.36304709   1.2640432 ]
[  0.71280107   0.86498324   0.9914159    0.94519639   0.9012507
  24.70720168   1.00213775   1.2494186    1.1925051   24.96396515
   0.68827568   0.71679899   0.79763828   1.21657192   1.44284621
   0.88371699   1.16667384  25.70531485  25.70564886  25.7059821
  25.70631469  25.70664669  25.70697803  25.7073087   25.7076387
  25.70796793  25.70829657  25.70862438   2.3623295    2.15235761
   1.85113677   1.15695248   1.29758858   1.36291706   1.26442603]
[  0.71287816   0.86494625   0.99128239   0.94508465   0.90104601
  24.706996     1.00197224   1.24890318   1.19330585  24.96264477
   0.68818014   0.71660925   0.79748049   1.21645499   1.44253508
   0.88372621   1.16659911  25.69973459  25.70006887  25.70040251
  25.70073561  25.70106823  25.70140029  25.7017318   25.70206274
  25.70239305  25.70272285  25.70305197   2.36516684   2.15360823
   1.854194     1.15730139   1.29784975   1.36278542   1.2648069 ]
[  0.71295528   0.86490957   0.99115053   0.94497327   0.90084334
  24.7067406    1.00180686   1.24839087   1.19410661  24.96130378
   0.68808505   0.71642219   0.79732397   1.21633745   1.44222579
   0.88373308   1.16652651  25.69421839  25.69455227  25.69488564
  25.69521857  25.6955511   25.69588317  25.69621479  25.69654594
  25.69687657  25.69720678  25.69753642   2.36799552   2.15484451
   1.85724696   1.15764929   1.29810981   1.36265247   1.26518578]
[  0.71303242   0.86487324   0.99102029   0.94486212   0.90064268
  24.70643927   1.00164156   1.2478817    1.19490761  24.95993907
   0.68799036   0.71623769   0.79716869   1.21621926   1.44191849
   0.88373763   1.16645608  25.68876796  25.68910089  25.68943341
  25.68976558  25.69009742  25.6904289   25.69076001  25.69109074
  25.69142104  25.69175101  25.69208051   2.37081566   2.15606686
   1.86029589   1.15799594   1.29836892   1.3625185    1.26556271]
[  0.71310957   0.86483729   0.99089165   0.94475113   0.90044403
  24.70609765   1.00147628   1.24737572   1.19570901  24.95855286
   0.68789601   0.71605567   0.79701461   1.21610038   1.44161335
   0.88373992   1.16638785  25.68338493  25.68371643  25.68404761
  25.68437851  25.68470916  25.68503952  25.68536958  25.68569935
  25.68602878  25.68635793  25.68668671   2.37362757   2.15727557
   1.86334115   1.158341     1.29862722   1.36238379   1.26593774]
[  0.71318672   0.86480173   0.99076461   0.94464018   0.90024737
  24.70572227   1.00131098   1.24687293   1.19651097  24.95715222
   0.68780197   0.71587604   0.79686169   1.21598073   1.44131061
   0.88373997   1.16632185  25.6780708   25.67840046  25.67872986
  25.67905907  25.67938807  25.67971687  25.68004543  25.68037377
  25.68070184  25.6810297   25.68135727   2.37643172   2.15847094
   1.86638314   1.15868414   1.29888488   1.36224857   1.26631101]
[  0.71326388   0.86476655   0.99063916   0.94452925   0.90005267
  24.7053198    1.00114562   1.24637331   1.19731357  24.95574764
   0.68770824   0.7156987    0.79670989   1.21586024   1.44101056
   0.88373781   1.16625807  25.67282648  25.67315394  25.67348122
  25.67380836  25.67413535  25.67446219  25.67478887  25.67511537
  25.67544167  25.67576782  25.67609375   2.37922864   2.15965342
   1.86942217   1.15902505   1.29914208   1.36211289   1.26668263]
[  0.71334105   0.86473176   0.99051528   0.9444183    0.89985991
  24.7048969    1.00098017   1.24587678   1.1981169   24.95435095
   0.68761484   0.71552355   0.79655918   1.21573879   1.44071362
   0.88373344   1.1661965   25.66765152  25.6679765   25.66830136
  25.66862612  25.6689508   25.66927537  25.66959982  25.66992416
  25.67024836  25.67057246  25.67089639   2.3820189    2.16082363
   1.87245843   1.15936349   1.29939892   1.36197665   1.26705269]
[  0.71341825   0.86469734   0.99039294   0.94430736   0.89966904
  24.70445997   1.00081462   1.24538325   1.198921    24.95297282
   0.68752179   0.71535049   0.79640953   1.21561624   1.44042026
   0.88372686   1.16613706  25.66254362  25.66286591  25.66318813
  25.6635103   25.66383242  25.66415448  25.66447648  25.66479841
  25.66512024  25.66544201  25.66576367   2.38480308   2.1619824
   1.87549193   1.1596994    1.29965546   1.36183959   1.26742121]
[  0.71349552   0.86466329   0.9902721    0.94419648   0.89948003
  24.70401463   1.00064895   1.24489258   1.19972594  24.9516207
   0.68742915   0.71517939   0.79626089   1.21549244   1.44013099
   0.88371807   1.16607965  25.65749975  25.65781922  25.65813865
  25.65845808  25.65877749  25.65909688  25.65941624  25.65973558
  25.66005486  25.66037412  25.66069332   2.38758172   2.16313059
   1.87852254   1.16003281   1.29991169   1.3617014    1.26778809]
[  0.71357289   0.86462962   0.9901527    0.94408572   0.89929286
  24.70356474   1.00048318   1.24440462   1.20053182  24.95029764
   0.68733696   0.71501016   0.79611326   1.21536719   1.43984617
   0.8837071    1.16602417  25.65251884  25.65283538  25.65315192
  25.65346848  25.65378507  25.65410166  25.65441827  25.65473487
  25.65505146  25.65536807  25.65568464   2.3903554    2.16426906
   1.88155007   1.16036386   1.30016755   1.36156187   1.2681531 ]
[  0.71365041   0.86459631   0.9900347    0.94397512   0.89910753
  24.70311177   1.00031732   1.24391922   1.20133874  24.94900243
   0.68724525   0.71484272   0.79596659   1.21524033   1.43956598
   0.883694     1.16597049  25.64760409  25.64791758  25.6482311
  25.64854467  25.64885829  25.64917195  25.64948565  25.64979938
  25.65011313  25.65042691  25.6507407    2.39312469   2.16539864
   1.88457428   1.16069272   1.30042297   1.36142092   1.26851598]
[  0.71372811   0.86456337   0.98991803   0.94386472   0.89892405
  24.7026554    1.00015141   1.24343622   1.20214683  24.94773094
   0.68715405   0.71467699   0.79582088   1.21511172   1.43929032
   0.88367883   1.16591853  25.64276261  25.64307286  25.64338317
  25.64369355  25.64400401  25.64431453  25.64462512  25.64493577
  25.64524646  25.64555721  25.64586801   2.39589016   2.1665201
   1.88759504   1.16101957   1.30067784   1.36127856   1.26887644]
[  0.71380599   0.86453078   0.98980264   0.94375456   0.89874241
  24.70219499   0.99998548   1.24295546   1.20295621  24.94647805
   0.68706338   0.71451293   0.79567608   1.2149813    1.43901888
   0.88366166   1.16586821  25.63800212  25.63830887  25.63861572
  25.63892266  25.63922969  25.63953682  25.63984404  25.64015133
  25.64045871  25.64076617  25.64107369   2.39865239   2.16763409
   1.89061234   1.16134454   1.30093208   1.36113489   1.26923432]
[  0.71388406   0.86449856   0.9896885    0.94364466   0.8985626
  24.70173105   0.99981957   1.24247682   1.20376699  24.94523935
   0.68697328   0.71435049   0.79553219   1.21484906   1.4387512
   0.88364254   1.16581951  25.63332723  25.63363022  25.63393332
  25.63423655  25.63453989  25.63484334  25.63514691  25.63545058
  25.63575436  25.63605824  25.63636221   2.40141186   2.16874115
   1.89362635   1.16166774   1.30118556   1.36099003   1.26958952]
[  0.71396228   0.86446668   0.98957555   0.94353503   0.89838461
  24.70126553   0.9996537    1.2420002    1.20457928  24.94401219
   0.68688376   0.71418966   0.79538919   1.21471507   1.43848678
   0.88362154   1.16577241  25.62873756  25.62903656  25.6293357
  25.62963497  25.62993438  25.63023393  25.63053362  25.63083343
  25.63113336  25.63143343  25.63173361   2.40416899   2.16984163
   1.89663739   1.1619893    1.30143816   1.36084408   1.26994205]
[  0.71404062   0.86443514   0.9894638    0.94342567   0.89820839
  24.70080124   0.99948788   1.24152552   1.2053931   24.94279632
   0.68679487   0.71403042   0.79524705   1.21457945   1.43822509
   0.88359869   1.16572694  25.62422818  25.62452305  25.62481808
  25.62511327  25.62540861  25.62570411  25.62599977  25.62629557
  25.62659152  25.62688761  25.62718385   2.4069241    2.17093577
   1.89964585   1.16230929   1.30168975   1.36069716   1.27029195]
[  0.71411903   0.86440393   0.98935321   0.94331661   0.8980339
  24.70034068   0.9993221    1.24105274   1.20620849  24.94159403
   0.68670663   0.71387276   0.79510578   1.21444235   1.43796567
   0.88357403   1.16568315  25.61979138  25.6200821   25.620373
  25.62066407  25.62095531  25.62124672  25.62153831  25.62183005
  25.62212197  25.62241404  25.62270628   2.40967742   2.17202366
   1.9026522    1.16262781   1.30194021   1.36054938   1.27063928]
[  0.71419746   0.86437303   0.98924377   0.94320783   0.89786107
  24.69988534   0.99915632   1.24058183   1.20702539  24.94040991
   0.68661907   0.71371668   0.79496537   1.21430394   1.43770807
   0.88354761   1.16564111  25.61541849  25.61570514  25.61599198
  25.616279    25.61656621  25.6168536   25.61714117  25.61742893
  25.61771686  25.61800497  25.61829325   2.41242908   2.17310533
   1.90565685   1.16294496   1.30218942   1.36040085   1.27098411]
[  0.7142759    0.86434245   0.98913547   0.94309934   0.89768985
  24.69943551   0.99899048   1.24011277   1.20784374  24.93925025
   0.68653222   0.71356219   0.79482581   1.21416438   1.43745192
   0.88351947   1.16560087  25.61110092  25.61138367  25.6116666
  25.61194974  25.61223307  25.61251659  25.6128003   25.6130842
  25.61336828  25.61365256  25.61393701   2.41517913   2.17418074
   1.90866022   1.16326083   1.30243728   1.36025168   1.27132648]
[  0.7143543    0.86431218   0.9890283    0.94299114   0.89752016
  24.69899052   0.99882453   1.23964556   1.20866343  24.93812206
   0.68644611   0.7134093    0.79468711   1.21402385   1.43719691
   0.88348964   1.16556252  25.60683044  25.60710951  25.60738878
  25.60766825  25.60794792  25.60822778  25.60850784  25.6087881
  25.60906854  25.60934918  25.60963001   2.41792748   2.17524979
   1.91166267   1.16357551   1.30268371   1.36010198   1.27166644]
[  0.71443266   0.86428221   0.98892222   0.94288322   0.89735196
  24.69854918   0.99865838   1.23918017   1.20948433  24.937032
   0.68636075   0.713258     0.79454928   1.21388248   1.43694281
   0.88345818   1.16552611  25.60259891  25.6028746   25.60315048
  25.60342656  25.60370284  25.60397932  25.60425599  25.60453286
  25.60480992  25.60508718  25.60536463   2.42067396   2.17631239
   1.91466449   1.1638891    1.30292865   1.35995187   1.27200401]
[  0.71451097   0.86425253   0.98881723   0.94277557   0.89718516
  24.69811018   0.99849199   1.2387166    1.21030634  24.93598524
   0.68627616   0.7131083    0.79441232   1.21374043   1.43668948
   0.88342513   1.16549169  25.59839807  25.59867069  25.59894351
  25.59921652  25.59948973  25.59976314  25.60003674  25.60031053
  25.60058451  25.60085868  25.60113304   2.42341826   2.17736842
   1.91766595   1.16420168   1.30317206   1.35980146   1.27233921]
[  0.71458923   0.86422315   0.9887133    0.94266818   0.89701972
  24.69767223   0.99832528   1.23825484   1.21112936  24.93498465
   0.68619234   0.7129602    0.79427625   1.21359777   1.43643684
   0.88339056   1.16545932  25.59421955  25.59448948  25.5947596
  25.5950299   25.5953004   25.59557108  25.59584195  25.59611301
  25.59638425  25.59665568  25.59692729   2.42615996   2.17841775
   1.92066728   1.16451332   1.3034139    1.35965085   1.27267203]
[  0.71466744   0.86419406   0.98861039   0.94256105   0.89685557
  24.69723415   0.9981582    1.23779486   1.21195336  24.93403039
   0.68610928   0.71281369   0.79414105   1.21345456   1.43618491
   0.88335452   1.16542903  25.59005549  25.59032311  25.59059091
  25.59085889  25.59112705  25.59139539  25.5916639   25.59193259
  25.59220146  25.59247051  25.59273973   2.42889858   2.17946022
   1.92366869   1.16482408   1.3036542    1.35950015   1.27300247]
[  0.7147456    0.86416527   0.98850849   0.94245415   0.89669266
  24.69679477   0.99799071   1.23733666   1.21277835  24.93312013
   0.68602697   0.71266876   0.79400675   1.21331077   1.4359338
   0.88331709   1.16540087  25.58589927  25.58616498  25.58643085
  25.5866969   25.58696311  25.58722948  25.58749602  25.58776273
  25.5880296   25.58829664  25.58856384   2.43163361   2.18049566
   1.92667035   1.16513399   1.30389301   1.35934944   1.27333049]
[  0.71482371   0.86413675   0.98840757   0.94234749   0.89653095
  24.69635281   0.99782276   1.2368802    1.21360439  24.93224965
   0.68594538   0.7125254    0.79387332   1.21316631   1.43568366
   0.88327837   1.16537488  25.58174627  25.58201045  25.58227478
  25.58253926  25.58280389  25.58306867  25.58333361  25.58359869
  25.58386393  25.58412932  25.58439486   2.43436457   2.18152391
   1.9296724    1.16544308   1.30413038   1.35919879   1.27365607]
[  0.7149018    0.86410852   0.98830759   0.94224105   0.89637039
  24.6959069    0.99765432   1.23642545   1.21443155  24.9314137
   0.68586449   0.71238356   0.79374078   1.21302106   1.43543472
   0.88323844   1.16535107  25.57759411  25.57785709  25.5781202
  25.57838346  25.57864684  25.57891037  25.57917402  25.57943782
  25.57970175  25.57996582  25.58023002   2.43709105   2.18254477
   1.93267497   1.16575137   1.30436641   1.35904827   1.27397917]
[  0.71497986   0.86408056   0.98820851   0.94213481   0.89621097
  24.69545571   0.99748535   1.2359724    1.21525993  24.93060674
   0.68578428   0.71224321   0.79360912   1.21287482   1.43518722
   0.88319741   1.16532949  25.57344221  25.57370428  25.57396647
  25.57422878  25.57449121  25.57475375  25.57501642  25.57527921
  25.57554212  25.57580515  25.5760683    2.43981277   2.18355804
   1.93567815   1.16605884   1.30460121   1.3588979    1.27429975]
[  0.71505792   0.86405287   0.98811032   0.94202878   0.89605266
  24.69499807   0.99731581   1.23552102   1.21608966  24.92982354
   0.68570473   0.71210433   0.79347833   1.21272745   1.43494142
   0.88315537   1.16531014  25.56929116  25.56955255  25.56981404
  25.57007564  25.57033734  25.57059914  25.57086105  25.57112306
  25.57138518  25.5716474   25.57190973   2.44252961   2.18456349
   1.93868202   1.16636551   1.30483486   1.3587477    1.27461777]
[  0.71513598   0.86402544   0.98801298   0.94192295   0.89589546
  24.69453315   0.99714567   1.23507128   1.21692084  24.92905939
   0.68562583   0.71196685   0.7933484    1.2125788    1.43469751
   0.88311241   1.16529303  25.56514202  25.56540291  25.56566388
  25.56592495  25.5661861   25.56644734  25.56670866  25.56697008
  25.56723159  25.5674932   25.56775489   2.44524158   2.18556092
   1.94168666   1.16667137   1.30506747   1.35859763   1.27493321]
[  0.71521407   0.86399825   0.98791646   0.94181732   0.89573935
  24.69406046   0.99697489   1.23462316   1.21775361  24.92831012
   0.68554757   0.71183074   0.79321934   1.21242881   1.43445565
   0.88306859   1.16527815  25.56099606  25.56125658  25.56151717
  25.56177784  25.56203858  25.56229939  25.56256028  25.56282125
  25.5630823   25.56334342  25.56360462   2.44794885   2.18655015
   1.94469214   1.16697642   1.30529908   1.35844763   1.27524602]
[  0.7152922    0.86397131   0.98782075   0.94171189   0.89558434
  24.69357986   0.99680345   1.23417665   1.21858806  24.92757174
   0.68546995   0.71169597   0.79309114   1.21227749   1.43421589
   0.88302397   1.16526547  25.55685499  25.55711523  25.55737554
  25.5576359   25.55789632  25.55815681  25.55841736  25.55867798
  25.55893866  25.5591994   25.55946022   2.45065175   2.18753105
   1.94769854   1.16728065   1.30552976   1.35829761   1.27555618]
[  0.71537038   0.86394462   0.98772583   0.94160666   0.89543041
  24.69309145   0.99663134   1.23373172   1.21942428  24.92683973
   0.68539295   0.71156249   0.79296378   1.21212487   1.43397826
   0.88297859   1.16525496  25.55272176  25.55298176  25.55324181
  25.55350192  25.55376207  25.55402228  25.55428254  25.55454285
  25.55480322  25.55506364  25.55532412   2.45335071   2.18850357
   1.950706     1.16758404   1.30575952   1.35814746   1.27586366]
[  0.71544864   0.86391816   0.98763168   0.94150163   0.89527755
  24.69259567   0.99645859   1.23328834   1.22026232  24.92610803
   0.68531656   0.71143027   0.79283726   1.21197105   1.43374269
   0.88293247   1.16524653  25.54860178  25.54886151  25.54912128
  25.54938109  25.54964095  25.54990085  25.55016079  25.55042078
  25.55068082  25.5509409   25.55120103   2.45604633   2.18946777
   1.9537147    1.16788659   1.30598837   1.35799703   1.27616845]
[  0.71552699   0.86389195   0.9875383    0.94139682   0.89512577
  24.69209339   0.99628529   1.23284646   1.22110217  24.9253678
   0.68524075   0.71129927   0.79271156   1.21181611   1.43350908
   0.88288564   1.16524008  25.54450416  25.54476347  25.54502282
  25.5452822   25.54554162  25.54580108  25.54606058  25.54632012
  25.5465797   25.54683932  25.54709898   2.45873931   2.19042381
   1.95672493   1.16818825   1.3062163    1.35784618   1.27647056]
[  0.71560543   0.86386598   0.98744569   0.94129221   0.89497503
  24.69158603   0.9961116    1.23240597   1.2219438   24.9246069
   0.68516549   0.71116946   0.79258664   1.21166016   1.43327727
   0.88283811   1.16523546  25.54044169  25.5407003   25.54095894
  25.54121762  25.54147633  25.54173509  25.54199388  25.54225271
  25.54251158  25.54277049  25.54302945   2.46143049   2.19137196
   1.95973709   1.168489     1.30644327   1.35769476   1.27677003]
[  0.71568397   0.86384024   0.98735385   0.94118782   0.89482534
  24.69107531   0.99593775   1.23196676   1.22278714  24.9238108
   0.6850907    0.71104079   0.79246247   1.21150331   1.43304709
   0.88278987   1.16523248  25.53642865  25.53668614  25.53694367
  25.53720125  25.53745886  25.53771652  25.53797423  25.53823197
  25.53848976  25.53874759  25.53900546   2.46412073   2.19231257
   1.96275169   1.16878879   1.30666924   1.3575426    1.27706693]
[  0.71576262   0.86381474   0.98726279   0.94108365   0.89467667
  24.69056268   0.99576401   1.23152868   1.22363212  24.92296534
   0.68501632   0.71091324   0.79233901   1.21134567   1.43281836
   0.88274093   1.16523094  25.53247718  25.53273308  25.53298902
  25.53324502  25.53350106  25.53375716  25.53401331  25.53426952
  25.53452577  25.53478207  25.53503843   2.46681092   2.19324603
   1.96576929   1.16908758   1.30689414   1.35738957   1.27736134]
