[ 1.07729124  1.07729124  1.07729124  1.07729124  1.07729124  1.07729124
  1.07729124  1.07729124  1.07729124  1.07729124  1.07729124  1.07729124
  1.07729124  1.07729124  1.07729124  1.07729124  1.07729124  1.07729124
  1.07729124  1.07729124  1.07729124  1.07729124  1.07729124  1.07729124
  1.07729124  1.07729124  1.07729124  1.07729124  1.07729124  1.07729124
  1.07729124  1.07729124  1.07729124  1.07729124  1.07729124]
[ 1.61997298  1.62459623  1.59442547  1.5594484   1.52230623  1.48716839
  1.45845962  1.43916572  1.43001793  1.43001869  1.43743629  1.45030938
  1.46651907  1.4838411   1.5000288   1.51272839  1.51936159  1.51734912
  1.50476112  1.4810734   1.44748638  1.40654015  1.36134174  1.31492027
  1.26990258  1.22838088  1.19183477  1.16108782  1.13634852  1.11733921
  1.10343029  1.09374959  1.08732161  1.08322831  1.08071655]
[ 1.20662543  1.83583922  1.87105047  1.82377643  1.78835148  1.72350713
  1.64617265  1.59455705  1.53143196  1.44877594  1.40723036  1.38428791
  1.36588307  1.36643154  1.3836291   1.40736207  1.42928933  1.44403656
  1.44821961  1.44017821  1.42011567  1.38979129  1.35188916  1.30950775
  1.26581934  1.22387903  1.1862734   1.1544822   1.12900532  1.11000178
  1.09697642  1.08859784  1.08345059  1.08043954  1.0787935 ]
[ 1.13952359  2.11399196  2.50177859  2.342213    2.21988691  1.9782018
  1.92152094  1.93093144  1.62169587  1.38995922  1.5234335   1.50834577
  1.43364884  1.38391151  1.35476333  1.35093069  1.3684594   1.38909437
  1.40199177  1.4030685   1.39167775  1.36906898  1.33737973  1.29963004
  1.25900424  1.21871719  1.18198954  1.15085055  1.12524549  1.10569299
  1.09300918  1.08557902  1.08129051  1.07889365  1.07770944]
[ 1.05489505  1.5734338   2.80826522  3.12192773  1.87488786  1.66550287
  2.87757634  2.74845137  1.30109242  1.30186919  1.6740981   1.74734491
  1.90690159  1.75134127  1.63199133  1.48273426  1.37818753  1.36336648
  1.37799295  1.38517222  1.37769618  1.35876534  1.33103575  1.29641053
  1.25801858  1.21924115  1.18308124  1.15235394  1.12688223  1.10624229
  1.0922857   1.08481908  1.08070959  1.07861242  1.07749752]
[ 0.98440004  1.3076652   2.1206626   2.23498686  1.58077702  1.7283394
  3.26108814  3.44867646  1.13037512  1.29409043  1.3868937   1.50939746
  2.07398247  2.43618732  2.55207466  2.07541592  1.86669237  1.59565704
  1.47171277  1.41583346  1.38753702  1.36324751  1.33484629  1.30134694
  1.26443241  1.22562762  1.18885147  1.15778553  1.13256012  1.11117223
  1.09556412  1.08686852  1.08201617  1.07974528  1.07844247]
[ 0.92839437  1.17971807  1.70659049  1.77583881  1.40688637  1.79072968
  2.32850715  3.93757931  1.02670049  1.33275878  1.22821482  1.32735015
  1.58780881  3.09786783  3.9568513   1.68661282  3.1282119   2.39023067
  2.3194167   1.77824385  1.51297375  1.41252012  1.36029303  1.31941767
  1.27773447  1.23915202  1.19784376  1.16671643  1.14357341  1.11941397
  1.10143571  1.09237973  1.08566469  1.08216267  1.08073526]
[ 0.88461223  1.10851319  1.50647224  1.56382489  1.30323943  1.74444094
  1.88714461  4.07180891  0.9580262   1.34133627  1.14374641  1.23556235
  1.37341959  2.27731369  4.01212238  1.45409748  2.73421229  4.15308129
  3.92284319  3.2519312   2.17580805  1.67891151  1.45552241  1.36433827
  1.29560157  1.25573835  1.21096203  1.18176596  1.1557082   1.12535033
  1.11180691  1.09915309  1.08873054  1.08620922  1.08349053]
[ 0.85166763  1.06421427  1.39240649  1.44254387  1.23643198  1.69325372
  1.67122442  3.27897147  0.926099    1.31846239  1.09651496  1.1795126
  1.26266612  1.8362999   2.64851581  1.34909581  2.05116356  5.58706098
  6.71832616  6.13027919  2.7183442   2.74112139  2.10062571  1.48381595
  1.33940531  1.28948226  1.23543847  1.19717953  1.16789394  1.13400869
  1.12513134  1.10511382  1.09041804  1.09341844  1.08510724]
[ 0.82623126  1.03404142  1.3253573   1.36338996  1.19168307  1.66275668
  1.55159847  2.60251586  0.91741051  1.30970992  1.05910366  1.13592754
  1.19463225  1.65562208  2.19598345  1.27256541  1.76784828  3.99950913
  9.55342014  9.18801583  2.92223351  3.59934868  4.40186682  2.0397135
  1.4654119   1.35024492  1.26546085  1.209617    1.18981681  1.14520022
  1.12723286  1.12159992  1.08652693  1.10370802  1.08712852]
[  0.80946392   1.01259626   1.28069019   1.30511769   1.15895215
   1.65248801   1.47318665   2.29314037   0.90841548   1.31658875
   1.02248608   1.09490089   1.14812124   1.5569335    2.01626754
   1.21569478   1.62732953   3.44486551  11.48856143  11.24641616
   3.19727655   4.71875079   7.24396715   3.06660075   1.80064875
   1.45103141   1.30419214   1.21722886   1.21234411   1.15738495
   1.12212692   1.13838605   1.08200241   1.11698359   1.08638501]
[  0.79810409   0.99721756   1.24926559   1.25940296   1.13434396
   1.6519848    1.41294567   2.13942352   0.89794344   1.33333273
   0.98940001   1.05655609   1.11611647   1.49045061   1.91759955
   1.17311585   1.54613003   3.29522926  12.77908977  12.58418234
   3.47310986   6.43489242   9.47150459   4.14274718   2.33954185
   1.63126656   1.36932506   1.22609605   1.2160571    1.17512305
   1.12489486   1.14100392   1.0847458    1.13110806   1.08454502]
[  0.78937336   0.98534103   1.22618245   1.22317896   1.11552107
   1.65944191   1.36566522   2.04115187   0.88922469   1.35605383
   0.9608502    1.02215321   1.09294977   1.44671876   1.85498147
   1.14077313   1.49294076   3.2444254   13.67740996  13.50927595
   3.79827486   8.46929994  10.90447728   5.46981895   2.99191188
   1.88137305   1.47829027   1.23951309   1.20935387   1.1911676
   1.13281558   1.13661349   1.09501116   1.13777983   1.08769543]
[  0.78172772   0.97502892   1.20780972   1.19395725   1.10078908
   1.67258958   1.32814132   1.96800795   0.88269829   1.38272742
   0.93630475   0.99253667   1.07403695   1.42134026   1.81542138
   1.11557532   1.45482741   3.21908406  14.31005522  14.1617131
   4.23764631   9.93856643  11.88132479   7.32981456   3.73366658
   2.14247896   1.6393964    1.26553605   1.20131445   1.2013873
   1.13944432   1.13577337   1.10598154   1.13851836   1.09762779]
[  0.77470734   0.96576333   1.19199991   1.16969944   1.08906203
   1.68944036   1.29745069   1.90905744   0.87802667   1.41205612
   0.91486954   0.96742797   1.0570503    1.40628226   1.79187078
   1.0957525    1.42657776   3.20361833  14.754603    14.62222548
   4.86613162  10.94343813  12.57770355   8.87632598   4.65750943
   2.37076668   1.84980915   1.30739547   1.19565846   1.20818294
   1.14231724   1.13960844   1.11468365   1.13734021   1.11298738]
[  0.76826418   0.95752852   1.1777959    1.14907547   1.07928211
   1.70857185   1.27162319   1.86093925   0.87478083   1.44349416
   0.89586875   0.94602867   1.04149698   1.39484502   1.77807497
   1.07974648   1.40477979   3.19839452  15.06583209  14.94685825
   5.795608    11.6704389   13.08802116   9.94995774   5.90428756
   2.54476442   2.10544441   1.36402858   1.19470753   1.21300766
   1.14233709   1.14565119   1.12147659   1.13611652   1.13208862]
[  0.76236634   0.95026172   1.16478776   1.13121446   1.07073658
   1.72916356   1.24964906   1.82180735   0.87252857   1.47702066
   0.87879809   0.9277879    1.02777399   1.38355683   1.76903474
   1.06635431   1.38800581   3.20462269  15.28023143  15.17278908
   7.08577329  12.22212159  13.47211135  10.73963794   7.34665949
   2.6821171    2.40845057   1.43406202   1.19921557   1.21770583
   1.14098318   1.15145283   1.12741511   1.13568868   1.15361329]
[  0.7569936    0.94386147   1.15274645   1.11560928   1.06313045
   1.75065114   1.23084246   1.79045811   0.87091765   1.51272681
   0.86322219   0.91218456   1.0161796    1.37200356   1.76234135
   1.0549433    1.37462136   3.22389199  15.42138419  15.32402086
   8.37349792  12.65856671  13.77113487  11.35800724   8.56086842
   2.81232263   2.77634738   1.51525882   1.20778725   1.22359257
   1.13944758   1.15552702   1.13279334   1.13667784   1.17627821]
[  0.75212964   0.93820659   1.14164016   1.10202041   1.05632619
   1.77256094   1.21459099   1.76508989   0.86979336   1.55117109
   0.84901013   0.89850972   1.00603516   1.36138249   1.75669512
   1.04527263   1.36351194   3.25172536  15.50656911  15.4181164
   9.34534809  13.00618543  14.00301371  11.85238305   9.47840886
   2.93441153   3.23928684   1.60607842   1.21932789   1.23056424
   1.13811824   1.15770595   1.13755907   1.13928436   1.1988506 ]
[  0.74778377   0.93316587   1.13158719   1.09019335   1.05015906
   1.79481165   1.20048585   1.74374128   0.86912604   1.59251608
   0.83615748   0.8861963    0.99666314   1.35237009   1.75098031
   1.03711603   1.35433853   3.28364292  15.54825674  15.46774607
  10.08797698  13.27985603  14.17758413  12.24818191  10.18742524
   3.04934133   3.84693377   1.70500931   1.233165     1.2385536
   1.1369826    1.15817843   1.14185204   1.14333773   1.22047101]
[  0.74394646   0.928655     1.12272623   1.07978273   1.04455473
   1.81740869   1.18821874   1.7251076    0.86877115   1.63690244
   0.82455294   0.87486762   0.98770386   1.34523183   1.74456679
   1.03015684   1.34706837   3.31641454  15.5562851   15.48289813
  10.67348265  13.49365196  14.30533868  12.5659225   10.7511402
   3.16179651   4.71439999   1.8111033    1.248648     1.24751025
   1.13608068   1.15713581   1.14604515   1.14858807   1.2400172 ]
[  0.74063561   0.92469508   1.11498411   1.07051669   1.03953227
   1.8401906    1.17739952   1.70824624   0.86863601   1.68486025
   0.81416188   0.86434556   0.97888809   1.34042301   1.73722888
   1.02394339   1.34188816   3.34744406  15.53746393  15.47049597
  11.14408437  13.65819104  14.39439985  12.82034737  11.20663901
   3.27742101   5.93658813   1.92506482   1.26647806   1.25779944
   1.13528409   1.15470123   1.15060932   1.15491019   1.25629384]
[  0.73786336   0.92126707   1.10821656   1.06219082   1.03508088
   1.86324737   1.16779124   1.69260473   0.86871364   1.73713511
   0.80486128   0.85459528   0.96999303   1.33812994   1.72915703
   1.01814052   1.33884789   3.37522863  15.49660259  15.43543913
  11.52575666  13.78142238  14.45090473  13.02221779  11.57731846
   3.40342553   7.17763507   2.0499557    1.28741921   1.26968651
   1.1345524    1.15140579   1.15553856   1.16221284   1.26919369]
[  0.73549194   0.91821231   1.10227414   1.05468597   1.0309998
   1.88686988   1.15916003   1.67793012   0.86920427   1.79459819
   0.79639906   0.84556214   0.96101748   1.33749427   1.72089241
   1.01267938   1.33695773   3.40356733  15.43951766  15.38362283
  11.83875352  13.87195377  14.48198601  13.18226573  11.88200269
   3.54870429   8.13190032   2.18557567   1.30971896   1.2824214
   1.13429323   1.14798824   1.16046487   1.17000694   1.279546  ]
[  0.73341316   0.91541757   1.09694377   1.04793033   1.0271781
   1.91145211   1.15125865   1.66398633   0.87013498   1.85823574
   0.78860333   0.8371671    0.95207564   1.33741157   1.71274159
   1.00751093   1.3354151    3.43534208  15.37177172  15.3206748
  12.09877841  13.93765796  14.49435825  13.30994906  12.13554456
   3.72179724   8.85991176   2.3339795    1.33179199   1.29549287
   1.1346566    1.14475567   1.16535422   1.1779433    1.28766699]
[  0.73159839   0.91282968   1.09207471   1.04183671   1.02353393
   1.93717954   1.14396886   1.65057324   0.8715206    1.92878479
   0.78136307   0.82935256   0.94322844   1.33734879   1.70470104
   1.00255433   1.33379786   3.47126669  15.29725102  15.25053336
  12.31684159  13.9842136   14.49283333  13.41210329  12.34843527
   3.92902502   9.44030455   2.50042468   1.35298288   1.30871349
   1.1355865    1.14188166   1.17026969   1.18583676   1.29370596]
[  0.7300116    0.91041367   1.08756714   1.03631048   1.01998937
   1.96419488   1.13721619   1.63754544   0.87340269   2.00690891
   0.77460185   0.8220747    0.93452418   1.33707354   1.696725
   0.99771834   1.33184666   3.51212724  15.21855372  15.17583964
  12.50078565  14.01564786  14.48076776  13.49363355  12.52818297
   4.1766814    9.91805667   2.69127632   1.37309889   1.3220283
   1.13706148   1.13949525   1.17521881   1.19361164   1.29785905]
[  0.72860119   0.90813808   1.08335243   1.03127088   1.01647513
   1.99269587   1.13092502   1.62480353   0.87581694   2.09334813
   0.7682727    0.81529653   0.92601628   1.33647416   1.68874016
   0.99292789   1.32937634   3.55917305  15.1373914   15.09834161
  12.65635115  14.03484675  14.46051032  13.55811762  12.6803024
   4.47584656  10.31899992   2.91515325   1.392076     1.33539499
   1.13908164   1.13765526   1.1801694    1.2012482    1.30037533]
[  0.72732227   0.90596928   1.07937581   1.02664767   1.01294384
   2.02293628   1.12501814   1.61228486   0.87878992   2.18922132
   0.76232785   0.80897435   0.91775692   1.33551208   1.68064938
   0.98811678   1.32625439   3.61386631  15.05497506  15.01928192
  12.78797214  14.04401792  14.43382238  13.60832822  12.80906742
   4.84866988  10.65929985   3.18569608   1.40984367   1.34874468
   1.14164192   1.1363545    1.18507056   1.20873191   1.30153508]
[  0.72614635   0.90387392   1.07558858   1.02237556   1.00937309
   2.0551868    1.11943472   1.59993669   0.88234274   2.29625987
   0.75670407   0.80305461   0.90978923   1.33420742   1.67234444
   0.98321464   1.32241944   3.67761548  14.97220656  14.93959026
  12.89920326  14.04492582  14.40208889  13.6465028   12.91791456
   5.32688451  10.95057191   3.52811238   1.42646365   1.3619885
   1.14475129   1.13554678   1.18983385   1.21603292   1.30164373]
[  0.72505044   0.90182349   1.07194471   1.018401     1.00576119
   2.08976057   1.11412628   1.58771759   0.88645558   2.416855
   0.75133042   0.7974998    0.90213808   1.33260189   1.66373462
   0.97815127   1.31791156   3.75229984  14.88959166  14.85979716
  12.99275458  14.03882291  14.36623927  13.67429278  13.00946677
   5.93455204  11.20278664   3.98455413   1.44234457   1.37527398
   1.14859616   1.13511748   1.19431042   1.22312686   1.3010223 ]
[  0.72401262   0.89981128   1.0683979    1.01467575   1.00211567
   2.1270302    1.10905696   1.57559375   0.8910597    2.55414704
   0.74612637   0.79227275   0.89481143   1.33075387   1.65486421
   0.97290822   1.31290445   3.84115281  14.80693015  14.77972482
  13.07023951  14.02614419  14.3264396   13.6924671   13.08527804
   6.66724022  11.42404097   4.61326957   1.45813631   1.38911059
   1.15360984   1.13483304   1.19839496   1.23004491   1.29990247]
[  0.72301336   0.89784842   1.06490346   1.01115831   0.99843722
   2.1675307    1.10418698   1.56357288   0.89608093   2.71188786
   0.74102482   0.78732656   0.88783356   1.32865933   1.64587916
   0.96757694   1.30774417   3.94911656  14.72330308  14.69847516
  13.13225947  14.00651953  14.28209301  13.7009409   13.14591152
   7.43444768  11.62020332   5.46857568   1.47460299   1.40438681
   1.1602552    1.13449704   1.20208633   1.23692683   1.29836297]
[  0.72205334   0.89594324   1.06145199   1.00781929   0.99476719
   2.2117358    1.09944589   1.55165217   0.90147034   2.89331914
   0.73602846   0.78258636   0.88131669   1.32626324   1.63678805
   0.9623414    1.30278909   4.08214341  14.63771373  14.61507123
  13.17918718  13.97946119  14.23250385  13.69948592  13.19170991
   8.13708296  11.79264583   6.48018405   1.49228503   1.42178958
   1.16872437   1.13412838   1.20551875   1.24391592   1.29646405]
[  0.72115372   0.8941075    1.05808174   1.00464115   0.99117069
   2.25991006   1.09478569   1.53975358   0.90719654   3.10135804
   0.73119453   0.77803561   0.87537162   1.32350795   1.62741479
   0.9573072    1.29797887   4.24589804  14.55018892  14.52955756
  13.21236951  13.94549884  14.17799347  13.68887964  13.22398398
   8.75644435  11.94211958   7.41730539   1.51115156   1.44099858
   1.17874517   1.13381082   1.2088901    1.25109178   1.29426769]
[  0.72030992   0.89234836   1.0547981    1.00160421   0.98766876
   2.31283869   1.09019374   1.52780234   0.9132285    3.34064849
   0.72655229   0.7737318    0.86997803   1.32038967   1.61779205
   0.95242331   1.29310203   4.4448678   14.46192302  14.44314332
  13.2342554   13.90631263  14.12003628  13.67103376  13.2451378
   9.27205793  12.07143334   8.16424539   1.53009566   1.46125036
   1.18996693   1.13361873   1.21233394   1.25840619   1.2918911 ]
[  0.7195089    0.89065883   1.05156479   0.99869374   0.9842222
   2.37165916   1.08566867   1.51578598   0.91957433   3.62077252
   0.72210212   0.76965432   0.86501873   1.3169749    1.60804281
   0.94766969   1.28811457   4.68333603  14.37441854  14.35734328
  13.24746808  13.86384455  14.06038657  13.64809543  13.25775068
   9.70322172  12.18317424   8.76360018   1.54840717   1.48195672
   1.20219868   1.1336044    1.21586922   1.26579285   1.28947382]
[  0.71875475   0.88903063   1.04836544   0.99590574   0.98079292
   2.43759684   1.08120341   1.50370595   0.9262701    3.95866044
   0.71782929   0.76578995   0.86039806   1.31328281   1.59823015
   0.94307795   1.28298934   4.97093984  14.28857652  14.27306972
  13.25383854  13.81936675  14.0001612   13.6215094   13.26362355
  10.06890328  12.2796329    9.25739739   1.56602902   1.50281946
   1.21531895   1.13374365   1.21949353   1.27318548   1.28712145]
[  0.71804934   0.88745415   1.04518623   0.99325425   0.9773708
   2.51211791   1.0767853    1.4915807    0.93333583   4.38171778
   0.71371867   0.76214464   0.85605172   1.30933406   1.5883757
   0.93869851   1.27771064   5.32597697  14.20476344  14.1906997
  13.25452055  13.77356501  13.93991523  13.59210972  13.26389051
  10.3824109   12.3626024    9.67255052   1.58306038   1.52372618
   1.22923592   1.13398877   1.2231987    1.28048409   1.28493859]
[  0.71739341   0.88591617   1.04200846   0.99075185   0.97396252
   2.59705585   1.07240101   1.47950633   0.94073542   4.92846918
   0.70985916   0.758775     0.85195263   1.30520406   1.57849967
   0.93462816   1.27230661   5.75534655  14.12400189  14.11126411
  13.2512934   13.72776832  13.88084814  13.56136461  13.26030354
  10.65441085  12.43457591  10.02774287   1.59998799   1.54475865
   1.24387453   1.13428087   1.2269888    1.28758157   1.28307119]
[  0.71677935   0.88440157   1.03880014   0.98840147   0.97058489
   2.69460475   1.0680157    1.46774604   0.9483455    5.62919174
   0.70654373   0.75580997   0.8481413    1.30100615   1.56874129
   0.93100445   1.26688036   6.24191783  14.04755564  14.03603362
  13.2461016   13.68351754  13.82438253  13.53093917  13.25478045
  10.89340086  12.49817621  10.33642039   1.61761239   1.56604612
   1.25916203   1.13454767   1.23088392   1.29441207   1.2816129 ]
[  0.71618855   0.88292118   1.03554772   0.98618997   0.96723434
   2.80719756   1.06356801   1.45661069   0.95600632   6.45848139
   0.70402004   0.7533536    0.84470285   1.29677303   1.55922303
   0.92783721   1.26145876   6.77631714  13.97573508  13.96532604
  13.23979936  13.64134987  13.77096384  13.50147369  13.24816406
  11.10498294  12.55482936  10.60736421   1.63641302   1.58760808
   1.27498369   1.13477431   1.23484994   1.30100391   1.28054795]
[  0.71562095   0.88150265   1.03236723   0.98404004   0.96389643
   2.93757613   1.05906396   1.44609834   0.96362689   7.2211892
   0.70227331   0.75144875   0.84165824   1.29251416   1.54999799
   0.92493587   1.25607123   7.39436395  13.90776495  13.89837529
  13.23204061  13.60067683  13.71993592  13.47246722  13.24011502
  11.29231993  12.60467071  10.84587755   1.65613618   1.60931247
   1.29135962   1.13497479   1.23881429   1.30738479   1.2798109 ]
[  0.71508259   0.88014701   1.02938163   0.98190688   0.96054246
   3.08893398   1.05456196   1.43607622   0.97120088   7.8328339
   0.70091102   0.74990073   0.83890641   1.28814632   1.54109867
   0.92219323   1.25072316   8.12182356  13.84298342  13.83452743
  13.22257655  13.56101471  13.67074813  13.44351828  13.23038553
  11.45808782  12.64790643  11.05619917   1.67635152   1.63109288
   1.30848943   1.13514169   1.24283311   1.31349991   1.27929239]
[  0.71456536   0.87885797   1.02661059   0.9798013    0.95717643
   3.26649892   1.05009397   1.42648942   0.97870883   8.32748772
   0.69971729   0.7485661    0.83640616   1.28367798   1.53256758
   0.91955644   1.24554065   8.72583992  13.78380404  13.77619727
  13.21433572  13.52498323  13.62592343  13.41733357  13.22186671
  11.60808819  12.68796987  11.24539761   1.69771538   1.65321392
   1.32652125   1.13536791   1.24697253   1.31932521   1.27894671]
[  0.71405562   0.87763958   1.02404536   0.97772372   0.95381334
   3.47836208   1.04569753   1.41719627   0.9863663    8.73558781
   0.69857593   0.74731467   0.83411509   1.27914081   1.52445217
   0.91699393   1.24070155   9.21293314  13.72748198  13.72065192
  13.20477566  13.48994289  13.58280126  13.39132866  13.21205392
  11.74122817  12.72259267  11.41311831   1.7198179    1.67571071
   1.34523656   1.1357557    1.25114297   1.32475718   1.27882394]
[  0.7135453    0.87647271   1.02163993   0.97568812   0.9504679
   3.7348958    1.04144894   1.4081395    0.99419558   9.07868769
   0.69747775   0.74612412   0.83199619   1.27456657   1.51683229
   0.91444464   1.23607643   9.62174357  13.67333603  13.66721654
  13.19356054  13.45536258  13.54079346  13.36504037  13.20061009
  11.85899647  12.75180918  11.56157807   1.74232499   1.69860111
   1.36472118   1.13629936   1.25530271   1.32975345   1.2788911 ]
[  0.71303736   0.87534333   1.01935568   0.97370092   0.94716139
   4.0471492    1.03745887   1.39935569   1.00220208   9.37160497
   0.69643144   0.74499966   0.83002133   1.26998728   1.5098004
   0.91188284   1.23152975   9.97091599  13.62112483  13.61565588
  13.18076732  13.42114095  13.49974626  13.3384306   13.18761294
  11.96301606  12.77603557  11.69297373   1.76518408   1.72193556
   1.3850725    1.13699242   1.25942497   1.33429847   1.27908789]
[  0.71253547   0.87424106   1.01716484   0.97176241   0.94392543
   4.43214688   1.033787     1.3908812    1.01042121   9.62453154
   0.69544267   0.74394807   0.82816103   1.26544014   1.50340853
   0.90931521   1.22698832  10.27231395  13.57060002  13.56572697
  13.16643645  13.38715665  13.45949025  13.31143491  13.17310234
  12.05464251  12.79561404  11.80911729   1.78847158   1.74574582
   1.40632059   1.13783668   1.26349574   1.33839366   1.27936113]
[  0.71204117   0.87316031   1.01504729   0.96986959   0.94078828
   4.92044171   1.03045215   1.38271787   1.01889575   9.84476326
   0.69451993   0.74297238   0.82639029   1.26096148   1.49768134
   0.90676325   1.22242301  10.53437567  13.5215331   13.51720625
  13.15060739  13.3532994   13.41987033  13.28399563  13.15711688
  12.13506508  12.81086009  11.91157328   1.81231034   1.77001256
   1.42845661   1.13882059   1.2675309    1.34205661   1.27966501]
[  0.71155223   0.8721009    1.01298883   0.96801972   0.93776375
   5.55745088   1.02751783   1.37484466   1.02769579  10.03780612
   0.69367539   0.74206932   0.82469385   1.25658688   1.49265993
   0.90424969   1.21784325  10.76348103  13.47374044  13.46991474
  13.13334912  13.31949738  13.38077225  13.25609043  13.13972447
  12.2053779   12.8220992   12.00175187   1.83684886   1.7946666
   1.45143116   1.13991115   1.2715642    1.34532218   1.27996931]
[  0.71106553   0.87107076   1.01098144   0.96621515   0.93487642
   6.31650006   1.02521295   1.3674821    1.03695046  10.20918219
   0.69294056   0.74123913   0.82307275   1.25236562   1.48838207
   0.90180614   1.21329182  10.96476742  13.4271298   13.42376466
  13.11481401  13.28576688  13.34217096  13.22778331  13.12107593
  12.26667385  12.82972804  12.08102014   1.86232377   1.81959152
   1.47503421   1.14106896   1.27557305   1.3482745    1.28024186]
[  0.71058317   0.87008798   1.00903204   0.96447028   0.93220569
   7.06197302   1.02351437   1.36079697   1.04667124  10.36425184
   0.69228896   0.74045355   0.82151867   1.24835425   1.4847459
   0.89945814   1.20885669  11.14311882  13.38211612  13.37917429
  13.09566891  13.25263229  13.30454627  13.19964539  13.10183068
  12.32053252  12.83465376  12.15120637   1.88904782   1.84461437
   1.4990987    1.14216418   1.27947627   1.35101518   1.28044242]
[  0.71008813   0.86916666   1.00718506   0.96281406   0.92980079
   7.69457952   1.02219689   1.35471288   1.0567584   10.50782383
   0.69167941   0.73968447   0.82001716   1.24461403   1.48167802
   0.89721481   1.20460219  11.30401893  13.34008272  13.33752803
  13.07756998  13.22159023  13.26934261  13.17321933  13.0836252
  12.36954201  12.83877425  12.21513363   1.91720511   1.86952813
   1.52342234   1.14300715   1.28320758   1.35357423   1.28048965]
[  0.70955011   0.86832606   1.0055128    0.96129088   0.92766483
   8.22982564   1.0210663    1.3491293    1.06705996  10.64630335
   0.69110725   0.73892066   0.81856893   1.24124704   1.47920105
   0.89509359   1.20056992  11.45452467  13.30400513  13.30179772
  13.06380322  13.19573487  13.23958756  13.151643    13.06970143
  12.41799205  12.84561999  12.27732266   1.94690272   1.89403443
   1.54751117   1.14337544   1.28666931   1.35591303   1.28022196]
[  0.70895127   0.86759689   1.0040998    0.95995876   0.92581269
   8.70859036   1.02005022   1.3440465    1.07730556  10.78993458
   0.69057649   0.73815431   0.81718064   1.23837617   1.47732537
   0.89312703   1.19681402  11.60504019  13.27989456  13.27797778
  13.06073983  13.18118767  13.22130727  13.1410668   13.06632475
  12.47336264  12.86177727  12.34547634   1.97814111   1.91772638
   1.57055451   1.14304267   1.28968435   1.35796379   1.27940875]
[  0.70830823   0.86701423   1.00301758   0.95886845   0.92426606
   9.17010193   1.01913641   1.33949825   1.08711728  10.95488873
   0.69009977   0.73739258   0.81586297   1.23608585   1.47593784
   0.89135079   1.19339455  11.77159074  13.27898264  13.27724728
  13.07998606  13.18921806  13.22562232  13.15273062  13.0848411
  12.54836974  12.89890107  12.43247363   2.01051392   1.9401047
   1.59156528   1.14188845   1.29206218   1.3596516    1.27782541]
[  0.7076841    0.86660735   1.00229241   0.95804233   0.92303162
   9.65265783   1.01833034   1.33545426   1.09607325  11.16532713
   0.68969607   0.73666478   0.81463024   1.23436729   1.47479004
   0.88977915   1.19037329  11.97803884  13.32021688  13.31841313
  13.14074338  13.23856826  13.27102665  13.20518038  13.14383063
  12.66295176  12.97572543  12.55821684   2.04285027   1.96054511
   1.60963241   1.14001143   1.29367763   1.36091332   1.27537798]
[  0.70717026   0.86638749   1.00189467   0.95747099   0.92209322
  10.19745862   1.01763792   1.33179233   1.10380113  11.45624832
   0.68938368   0.73601335   0.81350194   1.23312368   1.47362343
   0.88839129   1.18781037  12.2587963   13.43345962  13.43099213
  13.27270714  13.35827377  13.38610709  13.32685091  13.27155517
  12.84639051  13.12021184  12.75147347   2.07303675   1.97828659
   1.62409493   1.13773188   1.29450071   1.36170978   1.27216618]
[  0.70684963   0.86633858   1.00175893   0.95712378   0.92141539
  10.84981162   1.01705006   1.32834635   1.1100813   11.87506575
   0.68917985   0.73547363   0.81250192   1.23222053   1.47232649
   0.88715442   1.18572356  12.6600905   13.66194584  13.65744692
  13.51790892  13.58939063  13.61109403  13.55734722  13.50697755
  13.1376416   13.37000912  13.04971942   2.09836261   1.99262758
   1.63465285   1.13548353   1.29458759   1.3620145    1.26846823]
[  0.70675489   0.86641877   1.00181034   0.95695767   0.920943
  11.64950257   1.01654587   1.32499413   1.11491349  12.4729448
   0.68909249   0.73505545   0.81165014   1.23155116   1.4709361
   0.88606443   1.18406465  13.23137679  14.05625969  14.04696838
  13.9239457   13.9782657   13.99103329  13.94031976  13.89236331
  13.57686896  13.76450372  13.49030085   2.11675706   2.00340557
   1.64146823   1.13362965   1.29406069   1.36181823   1.2646677 ]
[  0.70685123   0.86658513   1.00197091   0.95690835   0.92061425
  12.60780207   1.01612861   1.32171568   1.11849552  13.27748516
   0.68911102   0.7347398    0.8109522    1.23103349   1.469556
   0.88514463   1.18276824  13.99885111  14.65008702  14.63172463
  14.52044204  14.55368335  14.5534812   14.50153982  14.45175936
  14.18386848  14.32420513  14.0899328    2.12813432   2.01124274
   1.64524002   1.13230704   1.29307621   1.36121269   1.26110814]
[  0.70705902   0.86680454   1.00217468   0.95690051   0.9203941
  13.68628982   1.01580555   1.31859215   1.12112913  14.26045481
   0.68921568   0.73450101   0.81039471   1.23059011   1.46832305
   0.8843914    1.18176427  14.93585698  15.42863788  15.39699241
  15.29125052  15.3004769   15.28361795  15.22568521  15.16941184
  14.93917675  15.03250525  14.82895359   2.13432795   2.0171033
   1.64706924   1.1314563    1.29181183   1.36041228   1.25796086]
[  0.70730638   0.86703649   1.00238443   0.9568762    0.92025854
  14.81054094   1.01555674   1.31573167   1.12314878  15.3409226
   0.68938111   0.7343297    0.80995777   1.23015873   1.46731261
   0.88377336   1.18098346  15.96552454  16.32514675  16.27873459
  16.1739669   16.15947715  16.12497304  16.05831263  15.99289919
  15.79027847  15.84098846  15.65922313   2.13766251   2.02182368
   1.64796734   1.13097166   1.29043977   1.35962836   1.25520374]
[  0.7075496    0.86724711   1.00257866   0.95681229   0.92017621
  15.9105841    1.01536197   1.31316213   1.12484299  16.42730138
   0.68958878   0.73421058   0.80961154   1.22971598   1.46650479
   0.8832609    1.18038203  17.00127778  17.2566446   17.1975742
  17.09258087  17.05821512  17.00846257  16.93354195  16.85948287
  16.67737664  16.69306983  16.52705751   2.13982205   2.02596769
   1.64857687   1.13075999   1.28909344   1.35898111   1.25274717]
[  0.70776536   0.86742354   1.00274552   0.95670976   0.92011328
  16.94236746   1.01520824   1.31085052   1.12638185  17.45456487
   0.68982912   0.73411773   0.80932715   1.22926623   1.46583192
   0.88283406   1.17992632  17.9821134   18.15963663  18.09206137
  17.98812254  17.93950848  17.87888834  17.7983957   17.71838156
  17.55294239  17.54232564  17.38910952   2.14170845   2.02981024
   1.64921942   1.13074578   1.28784857   1.35851968   1.25053511]
[  0.70794602   0.86756323   1.00287875   0.95657547   0.92004507
  17.88553815   1.01508409   1.30874278   1.12784618  18.39161543
   0.69009042   0.73403007   0.80908875   1.22881653   1.46523406
   0.88248139   1.17958729  18.87775105  18.99862761  18.92687282
  18.82608481  18.76877574  18.70192114  18.61918981  18.53658246
  18.38603383  18.35719509  18.21575621   2.14373369   2.03342024
   1.65001044   1.13086975   1.2867381    1.35824192   1.24855574]
[  0.70809327   0.86766574   1.00297498   0.95641425   0.9199584
  18.73440277   1.01497565   1.306801     1.12928521  19.22930315
   0.69035873   0.73393221   0.80888934   1.2283709    1.46467806
   0.8821966    1.17933426  19.67919857  19.75934489  19.68692434
  19.59114413  19.52966319  19.46046488  19.37844376  19.29625328
  19.15970834  19.11928472  18.98939689   2.14603964   2.03679851
   1.6509896    1.13108933   1.2857615    1.35811288   1.24681959]
[  0.70821145   0.86773402   1.00303383   0.95623135   0.91984534
  19.49023344   1.01486858   1.30499303   1.13072934  19.96982042
   0.69062345   0.73381612   0.80872167   1.22793441   1.46415101
   0.88197631   1.1791347   20.38868851  20.43971902  20.36912101
  20.27960766  20.21725274  20.14857732  20.06945468  19.98994418
  19.86672339  19.81974614  19.70129269   2.14864893   2.03993405
   1.65217875   1.13137507   1.28490371   1.35809179   1.24533502]
[  0.71543036   0.87061902   1.00458936   0.95650859   0.91994972
  20.18836122   1.01517262   1.30236223   1.13123077  20.66956847
   0.69103197   0.73329372   0.80891019   1.22748703   1.46356234
   0.88194233   1.17815951  20.70456129  20.59598038  20.55578838
  20.45653937   8.82810943   9.45330111   9.8141065   10.04685085
  10.59049756  11.01818999  11.31875206]
[  0.71783042   0.87150776   1.00518027   0.95646623   0.91965871
   8.11208349   1.01704136   1.30247283   1.13024994   8.28366553
   0.69300771   0.73408793   0.80930908   1.22606784   1.46346663
   0.884248     1.18013659  12.90603813  13.36021514  13.97547411
  14.48113386  14.28097981]
[  0.71896925   0.87185313   1.00534342   0.95629767   0.91925272
  11.21220669   1.01569111   1.29992546   1.12863945  11.54471162
   0.69322511   0.73373462   0.80888649   1.22416651   1.4627145
   0.88340147   1.17908109  15.51520678  15.69521598  16.03010328
  16.31056019  15.97469148]
[  0.72019684   0.87222876   1.00547411   0.95614265   0.91887502
  13.71078587   1.01474454   1.29776228   1.12704357  14.15826566
   0.69328561   0.73328867   0.80850265   1.22237559   1.46208125
   0.8826353    1.17824314  17.53873994  17.57753083  17.7478098
  17.89120275  17.54656899]
[  0.72146785   0.87261679   1.00558475   0.9560007    0.91852146
  15.72182151   1.01404115   1.29583956   1.12555473  16.26878989
   0.69331982   0.73284386   0.80817101   1.2207655    1.46152427
   0.88193241   1.17751903  19.09390006  19.07271695  19.1553957
  19.22255715  18.91186176]
[  0.72277147   0.87301486   1.00568259   0.95586395   0.91818173
  17.27089618   1.01350292   1.29408467   1.12421225  17.89852731
   0.69341017   0.73244977   0.80789857   1.21932317   1.46099981
   0.88127445   1.17684838  20.30323595  20.25839814  20.29473433
  20.32064815  20.05238356]
[  0.72421643   0.87347566   1.00580478   0.95573924   0.91785778
  18.45505944   1.01307612   1.29241521   1.12305072  19.14368117
   0.69354599   0.73209581   0.8076814    1.21803089   1.46048459
   0.88066237   1.1762026 ]
[  0.72567725   0.87394877   1.00593421   0.95561958   0.91754141
  19.37032588   1.01269824   1.29081294   1.12200394  20.1079933
   0.69369949   0.73177477   0.80748869   1.21681317   1.45997526
   0.88008024   1.17556611]
[  0.72710966   0.87445138   1.00603836   0.95550029   0.91717259
  20.09518562   1.01235305   1.28922525   1.12121132   8.38309681
   0.69515462   0.732252     0.80786607   1.21631101   1.45957942
   0.87978532]
[ 0.7282886   0.87479662  1.0061709   0.95531393  0.91684404  8.39335806
  1.01442164  1.28962709  1.12926171  7.82400837  0.69532401  0.73205661
  0.80791321  1.21464287  1.4592427 ]
[  0.72933549   0.87507859   1.00628448   0.9550975    0.91650081
  11.60785334   1.01348697   1.28742155   1.12833077  11.15626202
   0.69512367   0.73161807   0.80753656   1.21316095   1.45830448]
[  0.73046676   0.87535681   1.00637446   0.95486978   0.91614469
  14.14050716   1.0128489    1.28556823   1.12755564  13.91895483
   0.69506058   0.73128263   0.8072481    1.21189829   1.4575703 ]
[  0.73162251   0.87564091   1.00645586   0.95463472   0.91578217
  16.13645928   1.01238603   1.28391657   1.12689448  16.11702816
   0.69498877   0.73095836   0.8069835    1.21072985   1.45689829]
[  0.73277015   0.87592958   1.00653548   0.95440147   0.91541913
  17.65481355   1.01204266   1.28239815   1.12634553  17.79675988
   0.69496472   0.73067402   0.80675056   1.20964319   1.4562588 ]
[  0.73389957   0.87621864   1.00661487   0.95417542   0.91506028
  18.8050277    1.01176711   1.280965     1.12588543  19.06653628
   0.69497914   0.73042355   0.80654175   1.208621     1.45563303]
[  0.73500929   0.87650473   1.0066935    0.9539581    0.91470838
  19.69077114   1.01152932   1.27959154   1.12549475  20.04091977
   0.69501188   0.73019463   0.80634874   1.20765042   1.45501086]
[  0.7361912    0.87684186   1.00678201   0.95376827   0.91438368
  20.38657185   1.0113131    1.27818858   1.12523798   8.40383414
   0.69632431   0.73076158   0.80673923   1.20750818]
[ 0.7370677   0.87706907  1.00680995  0.95355109  0.91407052  8.39664639
  1.0133807   1.27866345  1.13379336  7.83572494  0.69635796  0.73067807
  0.80683234]
[  0.73761757   0.87713866   1.00674599   0.95332588   0.9137228
  11.63459524   1.01241707   1.27655524   1.13325083  11.14230072
   0.69607941   0.73037635   0.80651147]
[  0.73843107   0.87724448   1.00666413   0.95308022   0.91336049
  14.17742286   1.01174001   1.27476251   1.13278307  13.86581291
   0.69593407   0.7301488    0.80627923]
[  0.73933233   0.87738873   1.00659071   0.95282879   0.91299777
  16.1769972    1.01123498   1.27315082   1.13237548  16.06553453
   0.69577835   0.72990942   0.80606841]
[  0.74024249   0.87755506   1.00652912   0.95258571   0.91264236
  17.69449329   1.01084996   1.27166185   1.13204196  17.76717097
   0.695676     0.72969616   0.80588738]
[  0.74114057   0.8777314    1.00647761   0.95235569   0.91229772
  18.84145349   1.01053376   1.27025131   1.13176901  19.05771609
   0.69561954   0.72950847   0.80572936]
[  0.74202387   0.877911     1.00643411   0.95213845   0.91196468
  19.72304174   1.01025638   1.26889443   1.13154353  20.04754806
   0.69558819   0.72933658   0.80558616]
[  0.7433397    0.87827334   1.00649126   0.95196531   0.9116574
  20.4280626    1.0101023    1.2675545    1.131493     8.42194461
   0.6968687    0.72986479]
[ 0.74424904  0.87857808  1.00657832  0.95183129  0.91138924  8.3896672
  1.01217595  1.26811645  1.1401781   7.85318655  0.69685606]
[  0.74393689   0.87834629   1.00636933   0.95162936   0.91104703
  11.62033335   1.01119907   1.26627783   1.13958512  11.16431256
   0.6965471 ]
[  0.74430893   0.87830166   1.00621016   0.95141794   0.91072281
  14.15193482   1.010518     1.26467727   1.13907425  13.88555141
   0.69636114]
[  0.744933     0.87836505   1.00609115   0.95121176   0.91041104
  16.1461053    1.0100174    1.26324648   1.13864601  16.07344433
   0.69616674]
[  0.74561364   0.8784718    1.00599214   0.95101581   0.91010818
  17.66159617   1.00964016   1.26193726   1.13830911  17.7593591
   0.69603008]
[  0.74630259   0.87859769   1.0059072    0.95083116   0.90981413
  18.80681341   1.00932979   1.26070069   1.13804401  19.03606765
   0.69594283]
[  0.74699097   0.87873313   1.00583418   0.95065738   0.90952898
  19.68577057   1.00905496   1.25950864   1.13783347  20.01460331
   0.69588328]
[  0.74921321   0.87951657   1.00614744   0.95060848   0.90933545
  20.39910406   1.00894154   1.25814425   1.13797369   8.42550768]
[ 0.75033697  0.87985215  1.00625753  0.95053234  0.90911132  8.36814827
  1.01096923  1.25867022  1.14677234]
[  0.7505967    0.87983369   1.00614747   0.95044283   0.9088368
  11.58434858   1.01000796   1.25680041   1.1463441 ]
[  0.7511647    0.87989619   1.00608914   0.95035796   0.90858478
  14.11598995   1.00934719   1.25524546   1.14599177]
[  0.75184001   0.87998394   1.00602125   0.95025642   0.90832788
  16.10989399   1.00885253   1.25388314   1.14568312]
[  0.75253708   0.880082     1.00594699   0.95014863   0.90806808
  17.62571677   1.00847292   1.25264624   1.1454402 ]
[  0.75323283   0.88018429   1.00587212   0.95004132   0.90780965
  18.77222739   1.00815823   1.25148293   1.14525572]
[  0.75392244   0.88028783   1.00579937   0.94993687   0.90755493
  19.65386274   1.00787911   1.25036428   1.1451188 ]
[  0.75460509   0.88039106   1.00572943   0.94983574   0.90730473
  20.34369385   1.0076209    1.2492755    1.14502134]
[ 0.75568602  0.88068432  1.00575688  0.94975957  0.90710478  8.38269241
  1.00966528  1.25011948]
[  0.75585209   0.88067603   1.00565583   0.94969824   0.90688803
  11.61538657   1.00869937   1.24866899]
[  0.75628409   0.88068478   1.00552491   0.94960302   0.90665824
  14.15114729   1.00804083   1.24750411]
[  0.75680828   0.88072201   1.00539356   0.94949584   0.90642605
  16.14190235   1.00755817   1.24649426]
[  0.75734613   0.88077311   1.00526651   0.94938923   0.90619802
  17.65175548   1.00719562   1.2455904 ]
[  0.75788083   0.88083027   1.00514466   0.94928669   0.90597639
  18.79250459   1.00690048   1.24475216]
[  0.75841059   0.88088996   1.00502808   0.9491884    0.90576122
  19.66912479   1.00664225   1.24395629]
[  0.75893537   0.88095028   1.00491629   0.94909387   0.90555199
  20.35451678   1.00640559   1.24319052]
[ 0.76014225  0.88131153  1.00497058  0.94903998  0.90543951  8.38167736
  1.00843539]
[  0.75989534   0.88114741   1.0047929    0.94896479   0.90527574
  11.60444863   1.0074666 ]
[  0.76004703   0.8810645    1.0046224    0.94886078   0.90510386
  14.1328541    1.00678106]
[  0.76033118   0.88102971   1.00446515   0.948754     0.90493623
  16.12031049   1.0062732 ]
[  0.76064292   0.88101196   1.00431381   0.94864975   0.90477357
  17.62941885   1.00589219]
[  0.76096292   0.8810031    1.00416827   0.94854803   0.90461449
  18.77045279   1.00558412]
[  0.76128822   0.88100078   1.00402939   0.9484486    0.90445816
  19.64746738   1.00531644]
[  0.76161641   0.881003     1.00389687   0.94835152   0.90430443
  20.33301463   1.00507254]
[ 0.76345553  0.8816586   1.00413605  0.94835513  0.90427197  8.38784186]
[  0.7626705    0.88126408   1.00383511   0.94821587   0.90410172
  11.59266152]
[  0.76241715   0.88108145   1.00363905   0.94810866   0.90397152
  14.11658703]
[  0.76242947   0.88099009   1.00347485   0.94800992   0.90385384
  16.10677952]
[  0.76254513   0.88093053   1.00331576   0.94790773   0.90373531
  17.61901637]
[  0.76270998   0.88089054   1.0031653    0.94780295   0.90361416
  18.76196369]
[  0.76290199   0.88086489   1.00302588   0.94769869   0.90349187
  19.63943435]
[  0.76310833   0.88084834   1.00289607   0.94759679   0.90337006
  20.32429921]
[ 0.76333771  0.88084349  1.00277724  0.94749882  0.90325066]
[ 0.76357064  0.88084204  1.00266493  0.94740399  0.90313357]
[ 0.76380176  0.88084055  1.00255575  0.94731142  0.90301838]
[ 0.76403054  0.8808382   1.00244851  0.94722056  0.90290493]
[ 0.76425739  0.88083495  1.0023427   0.94713095  0.90279296]
[ 0.76448272  0.88083095  1.00223812  0.94704228  0.90268221]
[ 0.76470681  0.88082635  1.00213471  0.94695435  0.90257246]
[ 0.76492981  0.88082132  1.00203251  0.94686708  0.90246353]
[ 0.76515177  0.88081595  1.00193153  0.94678044  0.90235533]
[ 0.76537269  0.88081029  1.00183179  0.94669446  0.9022478 ]
[ 0.76559256  0.88080437  1.00173332  0.94660913  0.90214091]
[ 0.76581137  0.88079823  1.0016361   0.94652449  0.90203465]
[ 0.7660291   0.88079187  1.00154013  0.94644055  0.90192902]
[ 0.76624573  0.8807853   1.0014454   0.94635732  0.90182401]
[ 0.76646126  0.88077853  1.00135188  0.94627481  0.90171962]
[ 0.76667569  0.88077157  1.00125956  0.94619301  0.90161586]
[ 0.766889    0.88076442  1.00116842  0.94611194  0.90151271]
[ 0.7671012   0.88075709  1.00107845  0.94603159  0.90141018]
[ 0.7673123   0.88074958  1.00098962  0.94595196  0.90130826]
[ 0.76752228  0.88074191  1.00090192  0.94587305  0.90120696]
[ 0.76773116  0.88073408  1.00081533  0.94579485  0.90110626]
[ 0.76793893  0.88072609  1.00072983  0.94571737  0.90100617]
[ 0.7681456   0.88071796  1.00064542  0.9456406   0.90090667]
[ 0.76835118  0.88070969  1.00056206  0.94556454  0.90080778]
[ 0.76855566  0.88070128  1.00047976  0.94548918  0.90070947]
[ 0.76875905  0.88069274  1.00039849  0.94541452  0.90061176]
[ 0.76896136  0.88068407  1.00031824  0.94534055  0.90051462]
[ 0.76916259  0.88067528  1.00023899  0.94526727  0.90041807]
[ 0.76936274  0.88066638  1.00016074  0.94519468  0.90032209]
[ 0.76956183  0.88065736  1.00008346  0.94512276  0.90022668]
[ 0.76975985  0.88064824  1.00000714  0.94505152  0.90013183]
[ 0.76995682  0.88063902  0.99993178  0.94498095  0.90003754]
[ 0.77015273  0.88062969  0.99985735  0.94491105  0.8999438 ]
[ 0.7703476   0.88062028  0.99978385  0.9448418   0.89985062]
[ 0.77054143  0.88061077  0.99971125  0.9447732   0.89975798]
[ 0.77073423  0.88060118  0.99963956  0.94470525  0.89966588]
[ 0.77092599  0.8805915   0.99956876  0.94463795  0.89957432]
[ 0.77111674  0.88058175  0.99949883  0.94457128  0.89948328]
[ 0.77130647  0.88057192  0.99942977  0.94450524  0.89939277]
[ 0.7714952   0.88056202  0.99936156  0.94443982  0.89930278]
[ 0.77168292  0.88055205  0.99929419  0.94437502  0.89921331]
[ 0.77186965  0.88054202  0.99922766  0.94431084  0.89912435]
[ 0.77205539  0.88053193  0.99916194  0.94424726  0.89903589]
[ 0.77224014  0.88052178  0.99909704  0.94418429  0.89894793]
[ 0.77242392  0.88051157  0.99903293  0.94412191  0.89886047]
[ 0.77260673  0.88050131  0.99896961  0.94406012  0.8987735 ]
[ 0.77278858  0.880491    0.99890707  0.94399891  0.89868702]
[ 0.77296947  0.88048065  0.9988453   0.94393829  0.89860102]
[ 0.77314941  0.88047025  0.99878429  0.94387824  0.89851549]
[ 0.77332841  0.88045981  0.99872403  0.94381875  0.89843044]
[ 0.77350647  0.88044933  0.99866451  0.94375983  0.89834586]
[ 0.7736836   0.88043882  0.99860572  0.94370147  0.89826174]
[ 0.77385981  0.88042827  0.99854765  0.94364365  0.89817809]
[ 0.7740351   0.88041769  0.99849029  0.94358639  0.89809488]
[ 0.77420948  0.88040707  0.99843364  0.94352966  0.89801213]
[ 0.77438296  0.88039643  0.99837768  0.94347347  0.89792982]
[ 0.77455554  0.88038577  0.99832241  0.94341781  0.89784796]
[ 0.77472723  0.88037508  0.99826781  0.94336267  0.89776653]
[ 0.77489803  0.88036437  0.99821388  0.94330805  0.89768554]
[ 0.77506796  0.88035364  0.99816062  0.94325395  0.89760498]
[ 0.77523702  0.88034288  0.998108    0.94320036  0.89752484]
[ 0.77540522  0.88033212  0.99805603  0.94314727  0.89744513]
[ 0.77557256  0.88032133  0.9980047   0.94309467  0.89736583]
[ 0.77573904  0.88031053  0.99795399  0.94304258  0.89728695]
[ 0.77590469  0.88029972  0.9979039   0.94299097  0.89720848]
[ 0.77606949  0.8802889   0.99785443  0.94293984  0.89713041]
[ 0.77623347  0.88027806  0.99780556  0.9428892   0.89705275]
[ 0.77639662  0.88026722  0.99775729  0.94283903  0.89697548]
[ 0.77655895  0.88025637  0.99770961  0.94278933  0.89689861]
[ 0.77672048  0.88024551  0.99766251  0.94274009  0.89682213]
[ 0.77688119  0.88023465  0.99761599  0.94269131  0.89674604]
[ 0.77704111  0.88022378  0.99757004  0.94264299  0.89667034]
[ 0.77720024  0.8802129   0.99752465  0.94259512  0.89659501]
[ 0.77735858  0.88020202  0.99747981  0.9425477   0.89652007]
[ 0.77751614  0.88019114  0.99743553  0.94250072  0.8964455 ]
[ 0.77767293  0.88018026  0.99739178  0.94245417  0.8963713 ]
[ 0.77782895  0.88016938  0.99734857  0.94240806  0.89629746]
[ 0.77798422  0.8801585   0.99730589  0.94236237  0.896224  ]
[ 0.77813873  0.88014761  0.99726373  0.94231711  0.89615089]
[ 0.77829249  0.88013673  0.99722209  0.94227227  0.89607814]
[ 0.7784455   0.88012585  0.99718096  0.94222785  0.89600575]
[ 0.77859779  0.88011497  0.99714033  0.94218383  0.89593371]
[ 0.77874934  0.8801041   0.9971002   0.94214023  0.89586202]
[ 0.77890017  0.88009323  0.99706056  0.94209702  0.89579068]
[ 0.77905028  0.88008236  0.9970214   0.94205421  0.89571968]
[ 0.77919968  0.88007149  0.99698273  0.9420118   0.89564902]
[ 0.77934837  0.88006064  0.99694453  0.94196978  0.8955787 ]
[ 0.77949636  0.88004978  0.9969068   0.94192815  0.89550872]
[ 0.77964366  0.88003893  0.99686954  0.94188689  0.89543907]
[ 0.77979027  0.88002809  0.99683273  0.94184602  0.89536974]
[ 0.7799362   0.88001726  0.99679637  0.94180552  0.89530075]
[ 0.78008145  0.88000643  0.99676046  0.94176539  0.89523208]
[ 0.78022602  0.87999561  0.996725    0.94172563  0.89516374]
[ 0.78036993  0.87998479  0.99668997  0.94168624  0.89509572]
[ 0.78051318  0.87997398  0.99665537  0.9416472   0.89502801]
[ 0.78065578  0.87996319  0.9966212   0.94160852  0.89496062]
[ 0.78079772  0.8799524   0.99658746  0.94157019  0.89489354]
[ 0.78093902  0.87994162  0.99655413  0.94153221  0.89482678]
[ 0.78107967  0.87993085  0.99652121  0.94149458  0.89476032]
[ 0.7812197   0.87992008  0.9964887   0.94145728  0.89469417]
[ 0.78135909  0.87990933  0.9964566   0.94142033  0.89462833]
[ 0.78149786  0.87989859  0.99642489  0.94138371  0.89456278]
[ 0.78163601  0.87988786  0.99639358  0.94134742  0.89449754]
[ 0.78177354  0.87987714  0.99636265  0.94131147  0.8944326 ]
[ 0.78191046  0.87986642  0.99633212  0.94127583  0.89436795]
[ 0.78204678  0.87985573  0.99630196  0.94124052  0.89430359]
[ 0.7821825   0.87984504  0.99627218  0.94120553  0.89423953]
[ 0.78231762  0.87983436  0.99624278  0.94117085  0.89417576]
[ 0.78245216  0.8798237   0.99621374  0.94113648  0.89411228]
[ 0.7825861   0.87981305  0.99618507  0.94110243  0.89404908]
[ 0.78271947  0.87980241  0.99615676  0.94106868  0.89398617]
[ 0.78285225  0.87979178  0.9961288   0.94103523  0.89392355]
[ 0.78298447  0.87978117  0.9961012   0.94100208  0.8938612 ]
[ 0.78311611  0.87977057  0.99607395  0.94096924  0.89379913]
[ 0.78324719  0.87975998  0.99604704  0.94093668  0.89373734]
[ 0.78337771  0.87974941  0.99602048  0.94090442  0.89367583]
[ 0.78350767  0.87973885  0.99599425  0.94087244  0.89361459]
[ 0.78363709  0.87972831  0.99596835  0.94084075  0.89355363]
[ 0.78376595  0.87971778  0.99594279  0.94080935  0.89349293]
[ 0.78389427  0.87970727  0.99591756  0.94077822  0.89343251]
[ 0.78402205  0.87969677  0.99589265  0.94074737  0.89337235]
[ 0.7841493   0.87968629  0.99586806  0.9407168   0.89331247]
[ 0.78427601  0.87967583  0.99584378  0.9406865   0.89325284]
[ 0.78440219  0.87966538  0.99581982  0.94065647  0.89319348]
[ 0.78452785  0.87965495  0.99579617  0.94062671  0.89313438]
[ 0.78465299  0.87964453  0.99577283  0.94059721  0.89307554]
[ 0.78477761  0.87963413  0.99574979  0.94056798  0.89301696]
[ 0.78490172  0.87962376  0.99572706  0.94053901  0.89295864]
[ 0.78502531  0.8796134   0.99570462  0.94051029  0.89290058]
[ 0.7851484   0.87960305  0.99568247  0.94048183  0.89284277]
[ 0.78527099  0.87959273  0.99566062  0.94045362  0.89278521]
[ 0.78539308  0.87958243  0.99563906  0.94042567  0.8927279 ]
[ 0.78551466  0.87957215  0.99561778  0.94039796  0.89267085]
[ 0.78563576  0.87956189  0.99559679  0.9403705   0.89261404]
[ 0.78575636  0.87955165  0.99557608  0.94034329  0.89255749]
[ 0.78587647  0.87954143  0.99555564  0.94031631  0.89250118]
[ 0.7859961   0.87953123  0.99553548  0.94028958  0.89244511]
[ 0.78611525  0.87952106  0.99551559  0.94026309  0.89238929]
[ 0.78623392  0.87951091  0.99549598  0.94023683  0.89233372]
[ 0.78635211  0.87950078  0.99547662  0.94021081  0.89227838]
[ 0.78646982  0.87949068  0.99545754  0.94018503  0.89222329]
[ 0.78658706  0.8794806   0.99543872  0.94015947  0.89216843]
[ 0.78670384  0.87947055  0.99542015  0.94013414  0.89211381]
[ 0.78682014  0.87946053  0.99540185  0.94010904  0.89205943]
[ 0.78693598  0.87945053  0.9953838   0.94008417  0.89200529]
[ 0.78705136  0.87944057  0.995366    0.94005952  0.89195138]
[ 0.78716628  0.87943063  0.99534845  0.94003509  0.8918977 ]
[ 0.78728073  0.87942072  0.99533115  0.94001089  0.89184426]
[ 0.78739473  0.87941085  0.9953141   0.9399869   0.89179105]
[ 0.78750827  0.879401    0.99529729  0.93996314  0.89173806]
[ 0.78762136  0.87939119  0.99528072  0.93993959  0.89168531]
[ 0.78773399  0.87938142  0.9952644   0.93991625  0.89163279]
[ 0.78784618  0.87937168  0.99524831  0.93989313  0.89158049]
[ 0.78795791  0.87936198  0.99523246  0.93987022  0.89152842]
[ 0.78806919  0.87935231  0.99521684  0.93984753  0.89147657]
[ 0.78818003  0.87934269  0.99520146  0.93982504  0.89142495]
[ 0.78829041  0.8793331   0.99518631  0.93980277  0.89137355]
[ 0.78840035  0.87932356  0.99517138  0.9397807   0.89132238]
[ 0.78850985  0.87931406  0.99515669  0.93975884  0.89127142]
[ 0.7886189   0.87930461  0.99514221  0.93973719  0.89122069]
[ 0.7887275   0.8792952   0.99512797  0.93971574  0.89117017]
[ 0.78883567  0.87928584  0.99511394  0.9396945   0.89111988]
[ 0.78894338  0.87927653  0.99510014  0.93967345  0.8910698 ]
[ 0.78905066  0.87926727  0.99508655  0.93965262  0.89101994]
[ 0.78915749  0.87925806  0.99507319  0.93963198  0.89097029]
[ 0.78926388  0.87924891  0.99506004  0.93961154  0.89092086]
/usr/lib64/python2.7/site-packages/scipy/io/matlab/mio.py:267: FutureWarning: Using oned_as default value ('column') This will change to 'row' in future versions
  oned_as=oned_as)
Error is: 0.0104533688705
