[1.07729124 1.07729124 1.07729124 1.07729124 1.07729124 1.07729124
 1.07729124 1.07729124 1.07729124 1.07729124 1.07729124 1.07729124
 1.07729124 1.07729124 1.07729124 1.07729124 1.07729124 1.07729124
 1.07729124 1.07729124 1.07729124 1.07729124 1.07729124 1.07729124
 1.07729124 1.07729124 1.07729124 1.07729124 1.07729124 1.07729124
 1.07729124 1.07729124 1.07729124 1.07729124 1.07729124]
[1.61997298 1.62459623 1.59442547 1.5594484  1.52230623 1.48716839
 1.45845962 1.43916572 1.43001793 1.43001869 1.43743629 1.45030938
 1.46651907 1.4838411  1.5000288  1.51272839 1.51936159 1.51734912
 1.50476112 1.4810734  1.44748638 1.40654015 1.36134174 1.31492027
 1.26990258 1.22838088 1.19183477 1.16108782 1.13634852 1.11733921
 1.10343029 1.09374959 1.08732161 1.08322831 1.08071655]
[1.20662543 1.83583922 1.87105047 1.82377643 1.78835148 1.72350713
 1.64617265 1.59455705 1.53143196 1.44877594 1.40723036 1.38428791
 1.36588307 1.36643154 1.3836291  1.40736207 1.42928933 1.44403656
 1.44821961 1.44017821 1.42011567 1.38979129 1.35188916 1.30950775
 1.26581934 1.22387903 1.1862734  1.1544822  1.12900532 1.11000178
 1.09697642 1.08859784 1.08345059 1.08043954 1.0787935 ]
[1.13952359 2.11399196 2.50177859 2.342213   2.21988691 1.9782018
 1.92152094 1.93093144 1.62169587 1.38995922 1.5234335  1.50834577
 1.43364884 1.38391151 1.35476333 1.35093069 1.3684594  1.38909437
 1.40199177 1.4030685  1.39167775 1.36906898 1.33737973 1.29963004
 1.25900424 1.21871719 1.18198954 1.15085055 1.12524549 1.10569299
 1.09300918 1.08557902 1.08129051 1.07889365 1.07770944]
[1.05489505 1.5734338  2.80826522 3.12192773 1.87488786 1.66550287
 2.87757634 2.74845137 1.30109242 1.30186919 1.6740981  1.74734491
 1.90690159 1.75134127 1.63199133 1.48273426 1.37818753 1.36336648
 1.37799295 1.38517222 1.37769618 1.35876534 1.33103575 1.29641053
 1.25801858 1.21924115 1.18308124 1.15235394 1.12688223 1.10624229
 1.0922857  1.08481908 1.08070959 1.07861242 1.07749752]
[0.98440004 1.3076652  2.1206626  2.23498686 1.58077702 1.7283394
 3.26108814 3.44867646 1.13037512 1.29409043 1.3868937  1.50939746
 2.07398247 2.43618732 2.55207466 2.07541592 1.86669237 1.59565704
 1.47171277 1.41583346 1.38753702 1.36324751 1.33484629 1.30134694
 1.26443241 1.22562762 1.18885147 1.15778553 1.13256012 1.11117223
 1.09556412 1.08686852 1.08201617 1.07974528 1.07844247]
[0.92839437 1.17971807 1.70659049 1.77583881 1.40688637 1.79072968
 2.32850715 3.93757931 1.02670049 1.33275878 1.22821482 1.32735015
 1.58780881 3.09786783 3.9568513  1.68661282 3.1282119  2.39023067
 2.3194167  1.77824385 1.51297375 1.41252012 1.36029303 1.31941767
 1.27773447 1.23915202 1.19784376 1.16671643 1.14357341 1.11941397
 1.10143571 1.09237973 1.08566469 1.08216267 1.08073526]
[0.88461223 1.10851319 1.50647224 1.56382489 1.30323943 1.74444094
 1.88714461 4.07180891 0.9580262  1.34133627 1.14374641 1.23556235
 1.37341959 2.27731369 4.01212238 1.45409748 2.73421229 4.15308129
 3.92284319 3.2519312  2.17580805 1.67891151 1.45552241 1.36433827
 1.29560157 1.25573835 1.21096203 1.18176596 1.1557082  1.12535033
 1.11180691 1.09915309 1.08873054 1.08620922 1.08349053]
[0.85166763 1.06421427 1.39240649 1.44254387 1.23643198 1.69325372
 1.67122442 3.27897147 0.926099   1.31846239 1.09651496 1.1795126
 1.26266612 1.8362999  2.64851581 1.34909581 2.05116356 5.58706098
 6.71832616 6.13027919 2.7183442  2.74112139 2.10062571 1.48381595
 1.33940531 1.28948226 1.23543847 1.19717953 1.16789394 1.13400869
 1.12513134 1.10511382 1.09041804 1.09341844 1.08510724]
[0.82623126 1.03404142 1.3253573  1.36338996 1.19168307 1.66275668
 1.55159847 2.60251586 0.91741051 1.30970992 1.05910366 1.13592754
 1.19463225 1.65562208 2.19598345 1.27256541 1.76784828 3.99950913
 9.55342014 9.18801583 2.92223351 3.59934868 4.40186682 2.0397135
 1.4654119  1.35024492 1.26546085 1.209617   1.18981681 1.14520022
 1.12723286 1.12159992 1.08652693 1.10370802 1.08712852]
[ 0.80946392  1.01259626  1.28069019  1.30511769  1.15895215  1.652488
  1.47318665  2.29314037  0.90841548  1.31658875  1.02248608  1.09490089
  1.14812124  1.5569335   2.01626754  1.21569478  1.62732953  3.44486551
 11.48856143 11.24641616  3.19727655  4.71875079  7.24396715  3.06660075
  1.80064875  1.45103141  1.30419214  1.21722886  1.21234411  1.15738495
  1.12212692  1.13838605  1.08200241  1.11698359  1.08638501]
[ 0.79810409  0.99721756  1.24926559  1.25940296  1.13434396  1.6519848
  1.41294567  2.13942352  0.89794344  1.33333273  0.98940001  1.05655609
  1.11611647  1.49045061  1.91759955  1.17311585  1.54613003  3.29522926
 12.77908977 12.58418234  3.47310986  6.43489242  9.47150459  4.14274718
  2.33954185  1.63126656  1.36932506  1.22609605  1.2160571   1.17512305
  1.12489486  1.14100392  1.0847458   1.13110806  1.08454502]
[ 0.78937336  0.98534103  1.22618245  1.22317896  1.11552107  1.65944191
  1.36566522  2.04115187  0.88922469  1.35605383  0.9608502   1.02215321
  1.09294977  1.44671876  1.85498147  1.14077313  1.49294076  3.2444254
 13.67740996 13.50927595  3.79827486  8.46929994 10.90447728  5.46981895
  2.99191188  1.88137305  1.47829027  1.23951309  1.20935387  1.1911676
  1.13281558  1.13661349  1.09501116  1.13777983  1.08769543]
